 Tow: 10WGELZO   RVWS/WS15161
 Date: 22/06/2015
 Temperature Probe #  4762    Conductivity Probe #  710   Pressure Probe #  159
 Flow Meter Calibration  4.71 (m/count)  
                          MOCNESS STATISTICAL SUMMARY
              
net#   pmin   pmax   pavg   tmin   tmax   tavg   thmin  thmax  thavg  smin   smax   savg
 1     000.0  000.0  000.0  00.0   00.0   00.0   00.0   00.0   00.0   00.00  00.00  00.00
 2     069.8  071.4  070.7  17.1   17.1   17.1   17.1   17.1   17.1   36.23  36.23  36.23
 3     050.3  069.4  059.8  17.1   22.3   20.1   17.1   22.3   20.1   36.23  36.51  36.34
 4     025.4  049.3  036.3  22.4   28.2   26.4   22.4   28.2   26.3   36.14  36.37  36.20
 5     003.3  024.9  013.5  28.2   29.3   28.7   28.2   29.3   28.7   35.81  36.16  35.97
 6     004.5  004.5  004.5  29.3   29.3   29.3   29.3   29.3   29.3   35.81  35.81  35.81
              
net#   simin  simax  siavg  cmin   cmax   cavg   fmin   fmax   favg   oxmin  oxmax  oxavg
 1     00.00  00.00  00.00  00.00  00.00  00.00  00.00  00.00  00.00  00.0   00.0   00.0
 2     26.45  26.45  26.45  00.00  00.00  00.00  00.00  00.00  00.00  00.0   00.0   00.0
 3     25.17  26.45  25.73  00.00  00.00  00.00  00.00  00.00  00.00  00.0   00.0   00.0
 4     23.19  25.16  23.82  00.00  00.00  00.00  00.00  00.00  00.00  00.0   00.0   00.0
 5     22.58  23.20  22.88  00.00  00.00  00.00  00.00  00.00  00.00  00.0   00.0   00.0
 6     22.59  22.59  22.59  00.00  00.00  00.00  00.00  00.00  00.00  00.0   00.0   00.0
              
net#      irrmin        irrmax       irravg
 1     0.000000000 0.000000000 0.000000000
 2     0.000000000 0.000000000 0.000000000
 3     0.000000000 0.000000000 0.000000000
 4     0.000000000 0.000000000 0.000000000
 5     0.000000000 0.000000000 0.000000000
 6     0.000000000 0.000000000 0.000000000
              
net#   amin   amax   aavg   spmin  spmax  spavg  armin  armax  aravg     #obs      vol
 1      00.0  00.0   00.0   00.0   00.0   00.0   00.0  00.0    00.0      00000     00000
 2      19.0  61.0   28.0   02.9   03.1   03.0   02.7  04.0    03.2      00005     00173
 3      14.0  64.0   34.2   02.9   03.4   03.2   01.8  05.0    03.3      00089     02677
 4      15.0  63.0   19.2   02.6   03.1   02.9   01.2  04.9    02.6      00143     04997
 5      13.0  16.0   14.1   02.9   03.4   03.1   -01.7 04.3    02.4      00140     05557
 6      14.0  14.0   14.0   03.1   03.1   03.1   -01.9 -01.9   -01.9     00001     00030
              
net#   Yearday/Time  hh:mm:ss  pmin      pmax     pavg     #obs     vol
                   (NetOpenTime)
 1       000.000000  0:0:0     000.0    000.0    000.0    00000    00000
 2       173.962454  23:5:55   069.8    071.4    070.7    00005    00173
 3       173.962743  23:6:20   050.3    069.4    059.8    00089    02677
 4       173.966921  23:12:22  025.4    049.3    036.3    00143    04997
 5       173.973611  23:22:0   003.3    024.9    013.5    00140    05557
 6       173.980162  23:31:26  004.5    004.5    004.5    00001    00030
 0       173.939757  22:33:15
