 Tow: 10WM-A   RVWS/WS15161
 Date: 22/06/2015
 Temperature Probe #  4762    Conductivity Probe #  710   Pressure Probe #  159
 Flow Meter Calibration  4.71 (m/count)  
                          MOCNESS STATISTICAL SUMMARY
              
net#   pmin   pmax   pavg   tmin   tmax   tavg   thmin  thmax  thavg  smin   smax   savg
 1     028.8  029.4  029.2  28.4   28.4   28.4   28.4   28.4   28.4   36.11  36.12  36.12
 2     028.5  029.0  028.8  28.4   28.4   28.4   28.4   28.4   28.4   36.12  36.12  36.12
 3     027.9  028.8  028.2  28.4   28.4   28.4   28.4   28.4   28.4   36.11  36.12  36.11
 4     028.0  028.6  028.1  28.4   28.4   28.4   28.4   28.4   28.4   36.11  36.12  36.12
 5     002.6  031.6  1782.1 28.2   28.8   2687.9 28.2   28.8   2687.5 35.90  36.15  3388.38
              
net#   simin  simax  siavg  cmin   cmax   cavg   fmin   fmax   favg   oxmin  oxmax  oxavg
 1     23.11  23.12  23.12  00.00  00.00  00.00  00.00  00.00  00.00  00.0   00.0   00.0
 2     23.12  23.12  23.12  00.00  00.00  00.00  00.00  00.00  00.00  00.0   00.0   00.0
 3     23.10  23.12  23.11  00.00  00.00  00.00  00.00  00.00  00.00  00.0   00.0   00.0
 4     23.10  23.11  23.11  00.00  00.00  00.00  00.00  00.00  00.00  00.0   00.0   00.0
 5     22.81  23.19  2160.9700.00  00.00  00.00  00.00  00.00  00.00  00.0   00.0   00.0
              
net#      irrmin        irrmax       irravg
 1     0.000000000 0.000000000 0.000000000
 2     0.000000000 0.000000000 0.000000000
 3     0.000000000 0.000000000 0.000000000
 4     0.000000000 0.000000000 0.000000000
 5     0.000000000 0.000000000 0.000000000
              
net#   amin   amax   aavg   spmin  spmax  spavg  armin  armax  aravg     #obs      vol
 1      17.0  45.0   26.9   02.3   02.6   02.4   -01.1 00.7    -00.1     00019     00494
 2      17.0  18.0   17.9   02.3   02.3   02.3   -00.5 01.1    00.3      00018     00506
 3      17.0  44.0   20.6   02.3   02.6   02.4   -00.3 01.9    00.6      00018     00544
 4      17.0  45.0   20.3   02.3   02.9   02.6   -00.9 00.5    -00.1     00018     00540
 5      12.0  48.0   2456.0 02.9   03.4   308.7  -06.8 06.9    370.9     00094     03328
              
net#   Yearday/Time  hh:mm:ss  pmin      pmax     pavg     #obs     vol
                   (NetOpenTime)
 1       173.596319  14:18:41  028.8    029.4    029.2    00019    00494
 2       173.597245  14:20:2   028.5    029.0    028.8    00018    00506
 3       173.598125  14:21:17  027.9    028.8    028.2    00018    00544
 4       173.599016  14:22:34  028.0    028.6    028.1    00018    00540
 5       173.599896  14:23:51  002.6    031.6    1782.1   00094    03328
 0       173.591157  14:11:15
