 Tow: 10WS   RVWS/WS15161
 Date: 22/06/2015
 Temperature Probe #  4762    Conductivity Probe #  710   Pressure Probe #  188
 Flow Meter Calibration  4.71 (m/count)  
                          MOCNESS STATISTICAL SUMMARY
              
net#   pmin   pmax   pavg   tmin   tmax   tavg   thmin  thmax  thavg  smin   smax   savg
 1     010.9  013.8  012.3  -01.0  50.0   27.6   -01.0  50.0   27.6   39.40  50.00  46.58
 2     014.0  016.4  015.2  -01.9  50.0   29.9   -01.9  50.0   29.9   39.40  50.00  45.76
 3     007.5  017.4  012.3  00.4   50.0   39.2   00.4   50.0   39.2   39.40  50.00  42.73
 4     008.1  008.9  008.6  -01.5  50.0   35.3   -01.5  50.0   35.3   39.40  50.00  43.29
 5     008.7  009.5  009.1  00.5   50.0   29.6   00.5   50.0   29.6   39.40  50.00  45.18
 6     009.3  009.7  009.5  01.3   50.0   26.2   01.3   50.0   26.2   39.40  50.00  46.69
 7     009.3  009.7  009.5  03.1   50.0   32.5   03.1   50.0   32.5   39.40  50.00  45.25
 8     009.2  009.9  009.5  00.4   50.0   20.6   00.4   50.0   20.6   39.40  50.00  48.72
 9     005.4  011.0  483.3  02.9   50.0   1280.1 02.9   50.0   1280.0 39.40  50.00  2628.80
              
net#   simin  simax  siavg  cmin   cmax   cavg   fmin   fmax   favg   oxmin  oxmax  oxavg
 1     16.86  40.35  30.24  00.00  00.00  00.00  00.00  00.00  00.00  00.0   00.0   00.0
 2     16.86  40.42  28.83  00.00  00.00  00.00  00.00  00.00  00.00  00.0   00.0   00.0
 3     16.86  40.21  23.12  00.00  00.00  00.00  00.00  00.00  00.00  00.0   00.0   00.0
 4     16.86  40.39  24.76  00.00  00.00  00.00  00.00  00.00  00.00  00.0   00.0   00.0
 5     16.86  40.20  28.27  00.00  00.00  00.00  00.00  00.00  00.00  00.0   00.0   00.0
 6     16.86  40.11  30.73  00.00  00.00  00.00  00.00  00.00  00.00  00.0   00.0   00.0
 7     16.86  39.88  27.52  00.00  00.00  00.00  00.00  00.00  00.00  00.0   00.0   00.0
 8     16.86  40.21  34.57  00.00  00.00  00.00  00.00  00.00  00.00  00.0   00.0   00.0
 9     16.86  39.92  1830.4800.00  00.00  00.00  00.00  00.00  00.00  00.0   00.0   00.0
              
net#      irrmin        irrmax       irravg
 1     0.000000000 0.000000000 0.000000000
 2     0.000000000 0.000000000 0.000000000
 3     0.000000000 0.000000000 0.000000000
 4     0.000000000 0.000000000 0.000000000
 5     0.000000000 0.000000000 0.000000000
 6     0.000000000 0.000000000 0.000000000
 7     0.000000000 0.000000000 0.000000000
 8     0.000000000 0.000000000 0.000000000
 9     0.000000000 0.000000000 0.000000000
              
net#   amin   amax   aavg   spmin  spmax  spavg  armin  armax  aravg     #obs      vol
 1      50.0  58.0   50.8   02.3   02.6   02.4   -02.0 -01.0   -01.4     00031     00141
 2      50.0  55.0   50.2   02.3   02.6   02.4   -02.2 -00.4   -01.3     00030     00138
 3      51.0  56.0   53.5   02.3   02.6   02.3   -01.4 18.2    03.5      00035     00131
 4      50.0  55.0   51.0   02.3   02.6   02.3   -01.2 00.3    -00.2     00060     00255
 5      50.0  52.0   50.2   02.0   02.3   02.2   -00.6 00.2    -00.3     00033     00136
 6      49.0  52.0   50.2   02.0   02.3   02.2   -00.8 00.4    -00.1     00032     00132
 7      46.0  53.0   47.8   02.3   02.3   02.3   -00.6 00.6    00.0      00029     00129
 8      49.0  55.0   50.2   02.0   02.3   02.2   -01.0 00.6    00.1      00033     00135
 9      42.0  48.0   2355.0 02.3   02.9   135.0  -02.2 03.3    49.1      00053     00275
              
net#   Yearday/Time  hh:mm:ss  pmin      pmax     pavg     #obs     vol
                   (NetOpenTime)
 1       173.807512  19:22:48  010.9    013.8    012.3    00031    00141
 2       173.809005  19:24:57  014.0    016.4    015.2    00030    00138
 3       173.810440  19:27:2   007.5    017.4    012.3    00035    00131
 4       173.812118  19:29:26  008.1    008.9    008.6    00060    00255
 5       173.814942  19:33:30  008.7    009.5    009.1    00033    00136
 6       173.816528  19:35:47  009.3    009.7    009.5    00032    00132
 7       173.818056  19:37:59  009.3    009.7    009.5    00029    00129
 8       173.819456  19:40:1   009.2    009.9    009.5    00033    00135
 9       173.821030  19:42:16  005.4    011.0    483.3    00053    00275
 0       173.804653  19:18:41
