 Tow: 10WS-B   RVWS/WS15161
 Date: 22/06/2015
 Temperature Probe #  4762    Conductivity Probe #  710   Pressure Probe #  159
 Flow Meter Calibration  4.71 (m/count)  
                          MOCNESS STATISTICAL SUMMARY
              
net#   pmin   pmax   pavg   tmin   tmax   tavg   thmin  thmax  thavg  smin   smax   savg
 1     014.5  015.3  014.6  28.7   28.7   28.7   28.7   28.7   28.7   36.03  36.03  36.03
 2     014.4  014.9  014.7  28.7   28.7   28.7   28.7   28.7   28.7   36.03  36.03  36.03
 3     014.1  014.8  014.5  28.7   28.7   28.7   28.7   28.7   28.7   36.03  36.03  36.03
 4     014.3  014.7  014.5  28.7   28.7   28.7   28.7   28.7   28.7   36.03  36.04  36.03
 5     002.6  017.5  529.3  28.7   29.1   1586.8 28.7   29.1   1586.7 35.91  36.04  1978.66
              
net#   simin  simax  siavg  cmin   cmax   cavg   fmin   fmax   favg   oxmin  oxmax  oxavg
 1     22.93  22.94  22.93  00.00  00.00  00.00  00.00  00.00  00.00  00.0   00.0   00.0
 2     22.93  22.94  22.93  00.00  00.00  00.00  00.00  00.00  00.00  00.0   00.0   00.0
 3     22.93  22.94  22.93  00.00  00.00  00.00  00.00  00.00  00.00  00.0   00.0   00.0
 4     22.93  22.94  22.93  00.00  00.00  00.00  00.00  00.00  00.00  00.0   00.0   00.0
 5     22.71  22.95  1256.7300.00  00.00  00.00  00.00  00.00  00.00  00.0   00.0   00.0
              
net#      irrmin        irrmax       irravg
 1     0.000000000 0.000000000 0.000000000
 2     0.000000000 0.000000000 0.000000000
 3     0.000000000 0.000000000 0.000000000
 4     0.000000000 0.000000000 0.000000000
 5     0.000000000 0.000000000 0.000000000
              
net#   amin   amax   aavg   spmin  spmax  spavg  armin  armax  aravg     #obs      vol
 1      05.0  07.0   05.9   02.3   02.6   02.5   -01.6 00.1    -00.7     00014     00511
 2      05.0  07.0   05.8   02.3   02.9   02.6   -01.1 01.7    00.2      00014     00507
 3      06.0  07.0   06.1   02.6   02.9   02.6   -00.6 00.9    00.2      00013     00505
 4      06.0  06.0   06.0   02.6   02.9   02.7   -00.6 00.5    00.0      00014     00540
 5      05.0  07.0   336.0  02.9   03.7   188.0  -05.8 06.7    175.9     00055     02737
              
net#   Yearday/Time  hh:mm:ss  pmin      pmax     pavg     #obs     vol
                   (NetOpenTime)
 1       173.694468  16:40:2   014.5    015.3    014.6    00014    00511
 2       173.695162  16:41:2   014.4    014.9    014.7    00014    00507
 3       173.695856  16:42:2   014.1    014.8    014.5    00013    00505
 4       173.696516  16:42:58  014.3    014.7    014.5    00014    00540
 5       173.697211  16:43:58  002.6    017.5    529.3    00055    02737
 0       173.691956  16:36:25
