 Tow: 10WS-A   RVWS/WS15161
 Date: 22/06/2015
 Temperature Probe #  4762    Conductivity Probe #  710   Pressure Probe #  159
 Flow Meter Calibration  4.71 (m/count)  
                          MOCNESS STATISTICAL SUMMARY
              
net#   pmin   pmax   pavg   tmin   tmax   tavg   thmin  thmax  thavg  smin   smax   savg
 1     014.5  015.3  014.9  28.7   28.7   28.7   28.7   28.7   28.7   35.91  35.92  35.92
 2     014.6  015.4  014.8  28.7   28.7   28.7   28.7   28.7   28.7   35.91  35.92  35.92
 3     014.2  015.3  014.6  28.7   28.7   28.7   28.7   28.7   28.7   35.91  35.92  35.92
 4     013.9  014.4  014.1  28.7   28.7   28.7   28.7   28.7   28.7   35.90  35.91  35.91
 5     002.5  017.1  507.8  28.7   28.9   1379.3 28.7   28.9   1379.2 35.81  35.96  1722.33
              
net#   simin  simax  siavg  cmin   cmax   cavg   fmin   fmax   favg   oxmin  oxmax  oxavg
 1     22.86  22.87  22.87  00.00  00.00  00.00  00.00  00.00  00.00  00.0   00.0   00.0
 2     22.86  22.87  22.87  00.00  00.00  00.00  00.00  00.00  00.00  00.0   00.0   00.0
 3     22.86  22.87  22.86  00.00  00.00  00.00  00.00  00.00  00.00  00.0   00.0   00.0
 4     22.85  22.86  22.85  00.00  00.00  00.00  00.00  00.00  00.00  00.0   00.0   00.0
 5     22.70  22.90  1095.2500.00  00.00  00.00  00.00  00.00  00.00  00.0   00.0   00.0
              
net#      irrmin        irrmax       irravg
 1     0.000000000 0.000000000 0.000000000
 2     0.000000000 0.000000000 0.000000000
 3     0.000000000 0.000000000 0.000000000
 4     0.000000000 0.000000000 0.000000000
 5     0.000000000 0.000000000 0.000000000
              
net#   amin   amax   aavg   spmin  spmax  spavg  armin  armax  aravg     #obs      vol
 1      20.0  50.0   24.4   02.6   02.9   02.7   -01.5 -00.1   -00.8     00017     00523
 2      20.0  52.0   22.7   02.6   02.9   02.7   -01.1 01.3    00.1      00016     00493
 3      20.0  21.0   20.6   02.6   02.9   02.7   -01.1 01.9    00.5      00016     00513
 4      20.0  52.0   22.5   02.6   02.9   02.8   -01.1 01.3    00.4      00015     00505
 5      18.0  53.0   1009.0 02.9   03.7   172.0  -06.0 06.8    162.4     00048     02007
              
net#   Yearday/Time  hh:mm:ss  pmin      pmax     pavg     #obs     vol
                   (NetOpenTime)
 1       173.661250  15:52:11  014.5    015.3    014.9    00017    00523
 2       173.662083  15:53:24  014.6    015.4    014.8    00016    00493
 3       173.662882  15:54:32  014.2    015.3    014.6    00016    00513
 4       173.663669  15:55:41  013.9    014.4    014.1    00015    00505
 5       173.664410  15:56:44  002.5    017.1    507.8    00048    02007
 0       173.658669  15:48:29
