 Tow: 14OF-D-ED   RVWS/WS15161
 Date: 15/06/2015
 Temperature Probe #  4762    Conductivity Probe #  710   Pressure Probe #  159
 Flow Meter Calibration  4.71 (m/count)  
                          MOCNESS STATISTICAL SUMMARY
              
net#   pmin   pmax   pavg   tmin   tmax   tavg   thmin  thmax  thavg  smin   smax   savg
 1     057.9  079.2  070.0  23.1   25.2   24.2   23.1   25.2   24.2   36.33  36.62  36.49
 2     039.6  057.1  046.8  25.3   27.6   26.3   25.3   27.6   26.3   36.24  36.34  36.30
 3     019.7  039.3  029.6  27.6   28.5   28.2   27.6   28.5   28.2   36.16  36.29  36.21
 4     000.0  000.0  000.0  00.0   00.0   00.0   00.0   00.0   00.0   00.00  00.00  00.00
 5     002.5  018.2  009.2  28.5   28.6   28.6   28.5   28.6   28.6   36.24  36.25  36.25
 6     003.6  004.3  012.0  28.6   28.6   85.8   28.6   28.6   85.8   36.25  36.25  108.74
              
net#   simin  simax  siavg  cmin   cmax   cavg   fmin   fmax   favg   oxmin  oxmax  oxavg
 1     24.28  25.14  24.72  00.00  00.00  00.00  00.00  00.00  00.00  00.0   00.0   00.0
 2     23.50  24.25  23.94  00.00  00.00  00.00  00.00  00.00  00.00  00.0   00.0   00.0
 3     23.17  23.51  23.24  00.00  00.00  00.00  00.00  00.00  00.00  00.0   00.0   00.0
 4     00.00  00.00  00.00  00.00  00.00  00.00  00.00  00.00  00.00  00.0   00.0   00.0
 5     23.14  23.17  23.15  00.00  00.00  00.00  00.00  00.00  00.00  00.0   00.0   00.0
 6     23.14  23.14  69.42  00.00  00.00  00.00  00.00  00.00  00.00  00.0   00.0   00.0
              
net#      irrmin        irrmax       irravg
 1     0.000000000 0.000000000 0.000000000
 2     0.000000000 0.000000000 0.000000000
 3     0.000000000 0.000000000 0.000000000
 4     0.000000000 0.000000000 0.000000000
 5     0.000000000 0.000000000 0.000000000
 6     0.000000000 0.000000000 0.000000000
              
net#   amin   amax   aavg   spmin  spmax  spavg  armin  armax  aravg     #obs      vol
 1      36.0  49.0   42.2   01.1   02.0   01.6   -00.3 07.6    03.2      00093     01233
 2      08.0  44.0   39.5   01.4   01.7   01.6   03.0  08.6    05.7      00050     00677
 3      39.0  49.0   43.1   01.4   02.0   01.8   01.2  05.5    02.9      00101     01479
 4      00.0  00.0   00.0   00.0   00.0   00.0   00.0  00.0    00.0      00000     00000
 5      06.0  51.0   42.2   01.7   02.3   02.0   00.0  05.9    03.3      00078     01278
 6      08.0  41.0   59.0   01.7   02.0   05.4   -03.2 -02.2   -08.4     00003     00087
              
net#   Yearday/Time  hh:mm:ss  pmin      pmax     pavg     #obs     vol
                   (NetOpenTime)
 1       166.624884  14:59:49  057.9    079.2    070.0    00093    01233
 2       166.629248  15:6:6    039.6    057.1    046.8    00050    00677
 3       166.631620  15:9:31   019.7    039.3    029.6    00101    01479
 4       166.566019  13:35:3   000.0    000.0    000.0    00000    00000
 5       166.636400  15:16:24  002.5    018.2    009.2    00078    01278
 6       166.640081  15:21:42  003.6    004.3    012.0    00003    00087
 0       166.615729  14:46:39
