 Tow: 15OFD-ED   RVWS/WS15161
 Date: 15/06/2015
 Temperature Probe #  2089    Conductivity Probe #  710   Pressure Probe #  188
 Flow Meter Calibration  4.71 (m/count)  
                          MOCNESS STATISTICAL SUMMARY
              
net#   pmin   pmax   pavg   tmin   tmax   tavg   thmin  thmax  thavg  smin   smax   savg
 1     059.2  081.6  074.6  -01.3  50.0   33.6   -01.3  50.0   33.6   39.38  50.00  44.76
 2     039.7  058.5  049.1  -00.7  50.0   34.5   -00.7  50.0   34.5   39.39  50.00  44.23
 3     019.9  039.4  029.6  -00.9  50.0   37.5   -00.9  50.0   37.5   39.39  50.00  43.83
 4     006.9  019.2  012.1  00.9   50.0   33.0   00.9   50.0   33.0   39.40  50.00  47.59
 5     006.3  022.7  009.3  04.0   50.0   24.6   04.0   50.0   24.6   39.40  50.00  49.14
 6     024.3  041.1  033.5  05.1   50.0   17.7   05.1   50.0   17.7   39.39  50.00  49.32
 7     041.5  061.2  051.8  13.3   50.0   18.5   13.3   50.0   18.4   39.39  50.00  49.48
 8     061.8  084.0  072.5  03.2   50.0   33.8   03.2   50.0   33.8   39.38  50.00  46.46
 9     007.9  087.2  10448.8-01.6  50.0   7952.8 -01.6  50.0   7949.8 39.38  50.00  9866.36
              
net#   simin  simax  siavg  cmin   cmax   cavg   fmin   fmax   favg   oxmin  oxmax  oxavg
 1     16.86  40.37  26.74  00.00  00.00  00.00  00.00  00.00  00.00  00.0   00.0   00.0
 2     16.86  40.32  25.93  00.00  00.00  00.00  00.00  00.00  00.00  00.0   00.0   00.0
 3     16.86  40.34  24.74  00.00  00.00  00.00  00.00  00.00  00.00  00.0   00.0   00.0
 4     16.86  40.16  29.64  00.00  00.00  00.00  00.00  00.00  00.00  00.0   00.0   00.0
 5     16.86  39.77  33.98  00.00  00.00  00.00  00.00  00.00  00.00  00.0   00.0   00.0
 6     16.86  39.60  36.05  00.00  00.00  00.00  00.00  00.00  00.00  00.0   00.0   00.0
 7     16.86  37.99  36.07  00.00  00.00  00.00  00.00  00.00  00.00  00.0   00.0   00.0
 8     16.86  39.87  28.48  00.00  00.00  00.00  00.00  00.00  00.00  00.0   00.0   00.0
 9     16.86  40.40  5714.4000.00  00.00  00.00  00.00  00.00  00.00  00.0   00.0   00.0
              
net#      irrmin        irrmax       irravg
 1     0.000000000 0.000000000 0.000000000
 2     0.000000000 0.000000000 0.000000000
 3     0.000000000 0.000000000 0.000000000
 4     0.000000000 0.000000000 0.000000000
 5     0.000000000 0.000000000 0.000000000
 6     0.000000000 0.000000000 0.000000000
 7     0.000000000 0.000000000 0.000000000
 8     0.000000000 0.000000000 0.000000000
 9     0.000000000 0.000000000 0.000000000
              
net#   amin   amax   aavg   spmin  spmax  spavg  armin  armax  aravg     #obs      vol
 1      39.0  47.0   43.1   01.7   02.3   01.9   -03.7 08.1    03.4      00085     00325
 2      44.0  48.0   46.0   02.0   02.3   02.1   00.8  06.4    03.2      00092     00363
 3      48.0  51.0   50.3   02.0   02.3   02.2   01.8  04.9    03.4      00086     00328
 4      48.0  54.0   49.2   02.0   02.3   02.3   01.4  04.5    03.0      00066     00268
 5      48.0  54.0   53.8   01.7   02.3   01.9   -10.9 01.2    -02.3     00086     00298
 6      41.0  48.0   45.8   01.4   02.0   01.7   -10.7 00.0    -03.7     00078     00285
 7      32.0  42.0   39.5   01.4   02.0   01.6   -07.4 -02.3   -04.8     00061     00233
 8      27.0  38.0   33.0   01.4   01.7   01.5   -09.0 -02.9   -04.6     00069     00262
 9      23.0  38.0   7019.0 01.4   02.6   471.2  -11.3 10.1    1101.9    00223     01121
              
net#   Yearday/Time  hh:mm:ss  pmin      pmax     pavg     #obs     vol
                   (NetOpenTime)
 1       167.041019  0:59:3    059.2    081.6    074.6    00085    00325
 2       167.045012  1:4:49    039.7    058.5    049.1    00092    00363
 3       167.049329  1:11:2    019.9    039.4    029.6    00086    00328
 4       167.053380  1:16:52   006.9    019.2    012.1    00066    00268
 5       167.056493  1:21:20   006.3    022.7    009.3    00086    00298
 6       167.060532  1:27:9    024.3    041.1    033.5    00078    00285
 7       167.064201  1:32:27   041.5    061.2    051.8    00061    00233
 8       167.067083  1:36:36   061.8    084.0    072.5    00069    00262
 9       167.070336  1:41:16   007.9    087.2    10448.8  00223    01121
 10      166.994734  23:52:25
