 Tow: 2-ns-d-i   RVWS/WS15161
 Date: 11/06/2015
 Temperature Probe #  4762    Conductivity Probe #  710   Pressure Probe #  159
 Flow Meter Calibration  4.71 (m/count)  
                          MOCNESS STATISTICAL SUMMARY
              
net#   pmin   pmax   pavg   tmin   tmax   tavg   thmin  thmax  thavg  smin   smax   savg
 1     000.0  000.0  000.0  00.0   00.0   00.0   00.0   00.0   00.0   00.00  00.00  00.00
 2     060.2  077.0  066.4  20.9   24.3   23.0   20.9   24.3   23.0   36.34  36.44  36.39
 3     039.3  059.3  050.4  24.6   27.8   25.8   24.6   27.8   25.8   36.28  36.36  36.32
 4     018.4  038.2  028.4  27.8   28.1   28.0   27.8   28.1   28.0   36.34  36.36  36.35
 5     002.7  017.2  008.1  28.1   28.2   28.2   28.1   28.2   28.2   36.36  36.36  36.36
 6     003.2  003.3  006.5  28.2   28.2   56.4   28.2   28.2   56.4   36.36  36.36  72.72
              
net#   simin  simax  siavg  cmin   cmax   cavg   fmin   fmax   favg   oxmin  oxmax  oxavg
 1     00.00  00.00  00.00  00.00  00.00  00.00  00.00  00.00  00.00  00.0   00.0   00.0
 2     24.60  25.61  24.99  00.00  00.00  00.00  00.00  00.00  00.00  00.0   00.0   00.0
 3     23.46  24.50  24.09  00.00  00.00  00.00  00.00  00.00  00.00  00.0   00.0   00.0
 4     23.37  23.48  23.42  00.00  00.00  00.00  00.00  00.00  00.00  00.0   00.0   00.0
 5     23.36  23.37  23.36  00.00  00.00  00.00  00.00  00.00  00.00  00.0   00.0   00.0
 6     23.36  23.36  46.72  00.00  00.00  00.00  00.00  00.00  00.00  00.0   00.0   00.0
              
net#      irrmin        irrmax       irravg
 1     0.000000000 0.000000000 0.000000000
 2     0.000000000 0.000000000 0.000000000
 3     0.000000000 0.000000000 0.000000000
 4     0.000000000 0.000000000 0.000000000
 5     0.000000000 0.000000000 0.000000000
 6     0.000000000 0.000000000 0.000000000
              
net#   amin   amax   aavg   spmin  spmax  spavg  armin  armax  aravg     #obs      vol
 1      00.0  00.0   00.0   00.0   00.0   00.0   00.0  00.0    00.0      00000     00000
 2      38.0  47.0   42.3   00.0   00.0   00.0   01.9  11.6    07.1      00038     00000
 3      39.0  53.0   41.7   00.0   00.0   00.0   04.1  10.6    06.3      00048     00000
 4      42.0  52.0   44.5   00.0   00.0   00.0   01.8  08.0    04.4      00069     00000
 5      39.0  50.0   43.2   00.0   00.0   00.0   -00.8 07.5    04.0      00061     00000
 6      44.0  46.0   90.0   00.0   00.0   00.0   -00.8 -00.6   -01.4     00002     00000
              
net#   Yearday/Time  hh:mm:ss  pmin      pmax     pavg     #obs     vol
                   (NetOpenTime)
 1       000.000000  0:0:0     000.0    000.0    000.0    00000    00000
 2       163.021609  0:31:7    060.2    077.0    066.4    00038    00000
 3       163.023426  0:33:44   039.3    059.3    050.4    00048    00000
 4       163.025706  0:37:0    018.4    038.2    028.4    00069    00000
 5       163.028958  0:41:41   002.7    017.2    008.1    00061    00000
 6       163.031840  0:45:50   003.2    003.3    006.5    00002    00000
 0       163.012083  0:17:23 
