% Tow: 2-ns-n-out   RVWS/WS15161
% Date: 11/06/2015
% Temperature Probe #  4762    Conductivity Probe #  710
% Pressure Probe #  159    Oxygen Probe #  1234
% Transmissometer #   667    Fluorometer #  2282    Irradiance Probe #  123
% Flow Meter Calibration  4.71 (m/count)  
% time    pres  echo    temp   theta   sal     sigma  angle flow   hzvel    vtvel    vol     net  fluor   ptran    oxygen   Irradcurrent   Irradiance   lat       lon
% 20
163.125752 0002.4 0000 50.000 49.999 50.000 24.678 43 000018 005.1 -004.47 00348.6 00 0.0000 000.000 00.000 00.0000 00.00000 24.4644 -081.4083
163.125799 0002.5 0000 26.787 26.786 50.000 34.143 47 000018 005.1 -004.67 00348.6 00 0.0000 000.000 00.000 00.0000 00.00000 24.4644 -081.4083
163.125845 0002.5 0000 27.346 27.346 09.019 03.165 49 000018 005.1 -004.67 00348.6 00 0.0000 000.000 00.000 00.0000 00.00000 24.4644 -081.4084
163.125903 0002.4 0000 28.016 28.015 32.563 20.560 51 000019 005.4 -004.47 00366.5 00 0.0000 000.000 00.000 00.0000 00.00000 24.4644 -081.4084
163.125949 0002.6 0000 28.178 28.177 33.086 20.900 50 000019 005.4 -004.87 00366.5 00 0.0000 000.000 00.000 00.0000 00.00000 24.4644 -081.4085
163.125995 0002.7 0000 28.190 28.189 36.116 23.174 52 000019 005.4 -005.07 00366.5 00 0.0000 000.000 00.000 00.0000 00.00000 24.4644 -081.4085
163.126042 0003.8 0000 28.190 28.189 36.255 23.279 54 000020 005.7 -007.05 00384.1 00 0.0000 000.000 00.000 00.0000 00.00000 24.4645 -081.4086
163.126088 0004.4 0000 28.191 28.189 36.256 23.279 52 000021 006.0 -008.24 00402.6 00 0.0000 000.000 00.000 00.0000 00.00000 24.4645 -081.4086
163.126134 0005.3 0000 28.190 28.188 36.271 23.291 55 000022 001.1 -005.55 00419.5 00 0.0000 000.000 00.000 00.0000 00.00000 24.4645 -081.4087
163.126181 0006.0 0000 28.191 28.189 36.277 23.295 51 000022 001.1 -006.54 00419.5 00 0.0000 000.000 00.000 00.0000 00.00000 24.4645 -081.4087
163.126227 0006.6 0000 28.194 28.192 36.278 23.295 52 000023 001.4 -007.73 00437.9 00 0.0000 000.000 00.000 00.0000 00.00000 24.4645 -081.4087
163.126273 0007.2 0000 28.193 28.191 36.283 23.300 53 000024 001.4 -009.12 00456.4 00 0.0000 000.000 00.000 00.0000 00.00000 24.4645 -081.4088
163.126319 0008.4 0000 28.193 28.191 36.287 23.302 53 000025 001.7 -010.90 00475.3 00 0.0000 000.000 00.000 00.0000 00.00000 24.4645 -081.4088
163.126366 0009.2 0000 28.194 28.192 36.290 23.305 54 000025 001.7 -012.09 00475.3 00 0.0000 000.000 00.000 00.0000 00.00000 24.4645 -081.4088
163.126412 0010.2 0000 28.195 28.192 36.292 23.306 55 000026 001.7 -012.09 00493.9 00 0.0000 000.000 00.000 00.0000 00.00000 24.4645 -081.4089
163.126458 0010.7 0000 28.194 28.191 36.292 23.306 51 000027 001.7 -011.89 00513.7 00 0.0000 000.000 00.000 00.0000 00.00000 24.4646 -081.4089
163.126505 0011.6 0000 28.192 28.189 36.297 23.310 52 000027 001.4 -011.70 00513.7 00 0.0000 000.000 00.000 00.0000 00.00000 24.4646 -081.4090
163.126551 0012.4 0000 28.192 28.189 36.297 23.310 54 000028 001.7 -012.09 00532.7 00 0.0000 000.000 00.000 00.0000 00.00000 24.4646 -081.4090
163.126597 0013.0 0000 28.192 28.189 36.298 23.311 48 000029 001.7 -011.89 00553.5 00 0.0000 000.000 00.000 00.0000 00.00000 24.4646 -081.4090
163.126644 0013.2 0000 28.192 28.189 36.301 23.313 51 000029 001.4 -011.10 00553.5 00 0.0000 000.000 00.000 00.0000 00.00000 24.4646 -081.4091
163.126690 0014.7 0000 28.192 28.188 36.297 23.311 52 000030 001.4 -011.70 00573.0 00 0.0000 000.000 00.000 00.0000 00.00000 24.4646 -081.4091
163.126736 0015.6 0000 28.190 28.186 36.305 23.318 48 000031 001.7 -012.10 00593.8 00 0.0000 000.000 00.000 00.0000 00.00000 24.4646 -081.4091
163.126782 0016.1 0000 28.187 28.183 36.310 23.322 51 000031 001.4 -011.11 00593.8 00 0.0000 000.000 00.000 00.0000 00.00000 24.4646 -081.4092
163.126829 0018.0 0000 28.181 28.177 36.317 23.330 55 000032 001.4 -013.69 00612.9 00 0.0000 000.000 00.000 00.0000 00.00000 24.4646 -081.4092
163.126875 0018.4 0000 28.177 28.173 36.323 23.335 50 000033 001.7 -012.69 00633.2 00 0.0000 000.000 00.000 00.0000 00.00000 24.4646 -081.4092
163.126921 0019.7 0000 28.172 28.167 36.332 23.344 51 000033 001.4 -013.68 00633.2 00 0.0000 000.000 00.000 00.0000 00.00000 24.4646 -081.4093
163.126968 0020.9 0000 28.171 28.166 36.335 23.347 51 000034 001.4 -014.88 00653.9 00 0.0000 000.000 00.000 00.0000 00.00000 24.4647 -081.4093
163.127014 0021.5 0000 28.169 28.164 36.339 23.350 51 000035 001.7 -015.67 00674.7 00 0.0000 000.000 00.000 00.0000 00.00000 24.4647 -081.4094
163.127060 0022.1 0000 28.169 28.164 36.339 23.350 52 000035 001.4 -013.89 00674.7 00 0.0000 000.000 00.000 00.0000 00.00000 24.4647 -081.4094
163.127106 0023.2 0000 28.169 28.163 36.341 23.352 52 000036 001.4 -014.28 00694.9 00 0.0000 000.000 00.000 00.0000 00.00000 24.4647 -081.4095
163.127153 0024.3 0000 28.168 28.163 36.347 23.357 52 000037 001.7 -015.27 00715.3 00 0.0000 000.000 00.000 00.0000 00.00000 24.4647 -081.4095
163.127199 0024.9 0000 28.166 28.160 36.360 23.367 51 000037 001.4 -012.89 00715.3 00 0.0000 000.000 00.000 00.0000 00.00000 24.4647 -081.4095
163.127245 0026.1 0000 28.163 28.157 36.369 23.375 54 000038 001.4 -014.48 00734.9 00 0.0000 000.000 00.000 00.0000 00.00000 24.4647 -081.4096
163.127292 0026.7 0000 28.155 28.149 36.384 23.389 52 000039 001.7 -013.10 00754.7 00 0.0000 000.000 00.000 00.0000 00.00000 24.4647 -081.4096
163.127338 0028.1 0000 28.139 28.132 36.399 23.406 54 000039 001.4 -013.49 00754.7 00 0.0000 000.000 00.000 00.0000 00.00000 24.4647 -081.4096
163.127384 0028.6 0000 28.122 28.115 36.407 23.418 52 000040 001.4 -013.30 00774.6 00 0.0000 000.000 00.000 00.0000 00.00000 24.4647 -081.4097
163.127431 0029.6 0000 28.108 28.101 36.413 23.427 54 000041 001.7 -014.09 00794.1 00 0.0000 000.000 00.000 00.0000 00.00000 24.4647 -081.4097
163.127477 0030.3 0000 28.090 28.083 36.403 23.425 53 000042 001.7 -013.30 00813.7 00 0.0000 000.000 00.000 00.0000 00.00000 24.4647 -081.4098
163.127523 0030.9 0000 28.057 28.050 36.401 23.435 52 000042 001.4 -012.50 00813.7 00 0.0000 000.000 00.000 00.0000 00.00000 24.4647 -081.4098
163.127569 0032.0 0000 27.954 27.947 36.354 23.433 54 000043 001.7 -013.30 00832.9 00 0.0000 000.000 00.000 00.0000 00.00000 24.4647 -081.4098
163.127616 0032.9 0000 27.869 27.862 36.366 23.470 54 000044 001.7 -012.70 00852.0 00 0.0000 000.000 00.000 00.0000 00.00000 24.4647 -081.4099
163.127662 0033.3 0000 27.847 27.839 36.369 23.479 48 000044 001.4 -012.30 00852.0 00 0.0000 000.000 00.000 00.0000 00.00000 24.4647 -081.4099
163.127708 0033.4 0000 27.849 27.842 36.374 23.482 51 000045 001.7 -009.93 00871.3 00 0.0000 000.000 00.000 00.0000 00.00000 24.4647 -081.4099
163.127755 0034.8 0000 27.865 27.857 36.380 23.482 50 000046 001.7 -011.51 00891.4 00 0.0000 000.000 00.000 00.0000 00.00000 24.4647 -081.4100
163.127801 0035.3 0000 27.873 27.864 36.386 23.484 49 000046 001.4 -010.72 00891.4 00 0.0000 000.000 00.000 00.0000 00.00000 24.4647 -081.4100
163.127847 0035.7 0000 27.884 27.875 36.392 23.485 52 000047 001.4 -010.12 00910.4 00 0.0000 000.000 00.000 00.0000 00.00000 24.4647 -081.4101
163.127894 0037.2 0000 27.884 27.875 36.391 23.484 53 000048 001.7 -011.71 00929.6 00 0.0000 000.000 00.000 00.0000 00.00000 24.4647 -081.4101
163.127940 0037.8 0000 27.881 27.872 36.394 23.488 52 000048 001.4 -010.91 00929.6 00 0.0000 000.000 00.000 00.0000 00.00000 24.4647 -081.4101
163.127986 0038.7 0000 27.890 27.881 36.405 23.493 52 000049 001.4 -010.92 00948.9 00 0.0000 000.000 00.000 00.0000 00.00000 24.4647 -081.4102
163.128032 0039.4 0000 27.926 27.917 36.449 23.514 52 000050 001.7 -011.51 00968.3 00 0.0000 000.000 00.000 00.0000 00.00000 24.4647 -081.4102
163.128079 0040.2 0000 27.972 27.962 36.462 23.509 54 000051 001.7 -012.70 00987.4 00 0.0000 000.000 00.000 00.0000 00.00000 24.4647 -081.4103
163.128125 0041.4 0000 27.968 27.958 36.452 23.503 54 000051 001.4 -012.50 00987.4 00 0.0000 000.000 00.000 00.0000 00.00000 24.4647 -081.4103
163.128171 0042.0 0000 27.947 27.937 36.444 23.503 52 000052 001.7 -012.50 01007.1 00 0.0000 000.000 00.000 00.0000 00.00000 24.4647 -081.4103
163.128218 0043.1 0000 27.887 27.876 36.381 23.476 49 000053 001.7 -013.89 01028.1 00 0.0000 000.000 00.000 00.0000 00.00000 24.4647 -081.4104
163.128264 0043.5 0000 27.765 27.755 36.390 23.523 51 000053 001.4 -011.91 01028.1 00 0.0000 000.000 00.000 00.0000 00.00000 24.4647 -081.4104
163.128310 0044.1 0000 27.754 27.744 36.424 23.552 54 000054 001.7 -011.71 01046.9 00 0.0000 000.000 00.000 00.0000 00.00000 24.4647 -081.4105
163.128356 0045.4 0000 27.725 27.714 36.399 23.543 53 000055 001.7 -012.70 01066.3 00 0.0000 000.000 00.000 00.0000 00.00000 24.4647 -081.4105
163.128403 0046.0 0000 27.638 27.628 36.374 23.552 49 000055 001.4 -012.31 01066.3 00 0.0000 000.000 00.000 00.0000 00.00000 24.4647 -081.4105
163.128449 0047.0 0000 27.546 27.535 36.358 23.570 52 000056 001.4 -012.90 01086.1 00 0.0000 000.000 00.000 00.0000 00.00000 24.4647 -081.4106
163.128495 0047.4 0000 27.474 27.463 36.377 23.608 53 000057 001.7 -011.12 01105.1 00 0.0000 000.000 00.000 00.0000 00.00000 24.4647 -081.4106
163.128542 0048.2 0000 27.374 27.363 36.385 23.647 52 000058 001.7 -011.71 01124.6 00 0.0000 000.000 00.000 00.0000 00.00000 24.4647 -081.4106
163.128588 0049.0 0000 27.359 27.347 36.420 23.678 53 000058 001.4 -011.12 01124.6 00 0.0000 000.000 00.000 00.0000 00.00000 24.4647 -081.4107
163.128634 0050.1 0000 27.324 27.312 36.409 23.681 52 000059 001.7 -012.30 01144.2 00 0.0000 000.000 00.000 00.0000 00.00000 24.4647 -081.4107
163.128681 0050.6 0000 27.274 27.263 36.429 23.712 52 000060 001.7 -012.30 01163.8 00 0.0000 000.000 00.000 00.0000 00.00000 24.4647 -081.4108
163.128727 0051.5 0000 27.204 27.192 36.454 23.754 54 000060 001.4 -011.31 01163.8 00 0.0000 000.000 00.000 00.0000 00.00000 24.4646 -081.4108
163.128773 0052.9 0000 27.122 27.110 36.444 23.773 54 000061 001.7 -012.90 01183.0 00 0.0000 000.000 00.000 00.0000 00.00000 24.4646 -081.4108
163.128819 0053.8 0000 26.836 26.823 36.260 23.726 55 000062 001.7 -012.70 01201.8 00 0.0000 000.000 00.000 00.0000 00.00000 24.4646 -081.4109
163.128866 0055.0 0000 26.414 26.401 36.392 23.959 55 000062 001.4 -014.28 01201.8 00 0.0000 000.000 00.000 00.0000 00.00000 24.4646 -081.4109
163.128912 0056.2 0000 26.253 26.241 36.385 24.005 54 000063 001.4 -015.08 01221.5 00 0.0000 000.000 00.000 00.0000 00.00000 24.4646 -081.4109
163.128958 0057.1 0000 26.072 26.059 36.396 24.071 52 000063 001.4 -015.07 01221.5 00 0.0000 000.000 00.000 00.0000 00.00000 24.4646 -081.4110
163.129016 0058.2 0000 25.876 25.863 36.362 24.106 56 000064 001.4 -015.27 01240.6 00 0.0000 000.000 00.000 00.0000 00.00000 24.4646 -081.4110
163.129063 0059.5 0000 25.538 25.525 36.339 24.194 55 000065 001.4 -016.66 01260.4 00 0.0000 000.000 00.000 00.0000 00.00000 24.4646 -081.4110
163.129109 0060.4 0000 25.315 25.302 36.332 24.257 54 000065 001.4 -016.66 01260.4 00 0.0000 000.000 00.000 00.0000 00.00000 24.4646 -081.4111
163.129155 0061.1 0000 25.183 25.170 36.361 24.320 52 000066 001.4 -015.47 01280.9 00 0.0000 000.000 00.000 00.0000 00.00000 24.4646 -081.4111
163.129201 0062.3 0000 24.916 24.902 36.386 24.421 53 000067 001.4 -015.86 01301.2 00 0.0000 000.000 00.000 00.0000 00.00000 24.4646 -081.4112
163.129248 0063.2 0000 24.633 24.619 36.389 24.509 50 000067 001.4 -015.47 01301.2 00 0.0000 000.000 00.000 00.0000 00.00000 24.4646 -081.4112
163.129294 0063.1 0000 24.260 24.246 36.477 24.688 49 000068 001.4 -012.89 01321.9 00 0.0000 000.000 00.000 00.0000 00.00000 24.4646 -081.4112
163.129340 0063.7 0000 24.167 24.153 36.406 24.662 49 000068 001.4 -012.50 01321.9 00 0.0000 000.000 00.000 00.0000 00.00000 24.4646 -081.4113
163.129387 0064.9 0000 24.116 24.102 36.405 24.677 50 000069 001.4 -012.49 01342.3 00 0.0000 000.000 00.000 00.0000 00.00000 24.4646 -081.4113
163.129433 0065.8 0000 24.018 24.004 36.436 24.729 49 000070 001.4 -011.69 01362.7 00 0.0000 000.000 00.000 00.0000 00.00000 24.4646 -081.4113
163.129479 0066.7 0000 23.857 23.843 36.413 24.760 51 000071 001.7 -011.89 01382.6 00 0.0000 000.000 00.000 00.0000 00.00000 24.4645 -081.4114
163.129525 0067.4 0000 23.774 23.760 36.413 24.785 50 000071 001.4 -011.89 01382.6 00 0.0000 000.000 00.000 00.0000 00.00000 24.4645 -081.4114
163.129572 0068.6 0000 23.664 23.650 36.391 24.800 49 000072 001.4 -011.89 01403.0 00 0.0000 000.000 00.000 00.0000 00.00000 24.4645 -081.4114
163.129618 0069.7 0000 23.476 23.461 36.342 24.819 50 000073 001.7 -012.08 01423.3 00 0.0000 000.000 00.000 00.0000 00.00000 24.4645 -081.4115
163.129664 0070.8 0000 23.312 23.297 36.397 24.908 50 000073 001.4 -014.46 01423.3 00 0.0000 000.000 00.000 00.0000 00.00000 24.4645 -081.4115
163.129711 0071.6 0000 23.228 23.213 36.412 24.945 51 000074 001.7 -014.65 01443.8 00 0.0000 000.000 00.000 00.0000 00.00000 24.4645 -081.4115
163.129757 0072.4 0000 23.151 23.136 36.421 24.974 49 000075 001.7 -014.06 01464.9 00 0.0000 000.000 00.000 00.0000 00.00000 24.4645 -081.4116
163.129803 0073.4 0000 23.125 23.110 36.429 24.988 50 000075 001.4 -014.26 01464.9 00 0.0000 000.000 00.000 00.0000 00.00000 24.4645 -081.4116
163.129850 0074.1 0000 23.104 23.089 36.423 24.989 50 000076 001.4 -013.86 01485.6 00 0.0000 000.000 00.000 00.0000 00.00000 24.4644 -081.4116
163.129896 0075.8 0000 23.051 23.035 36.424 25.006 51 000076 001.4 -015.64 01485.6 00 0.0000 000.000 00.000 00.0000 00.00000 24.4644 -081.4117
163.129942 0076.7 0000 22.868 22.852 36.434 25.066 51 000077 001.4 -015.24 01506.3 00 0.0000 000.000 00.000 00.0000 00.00000 24.4644 -081.4117
163.129988 0077.7 0000 22.550 22.534 36.411 25.140 50 000078 001.4 -015.04 01527.3 00 0.0000 000.000 00.000 00.0000 00.00000 24.4644 -081.4117
163.130035 0078.7 0000 22.092 22.076 36.376 25.244 50 000078 001.4 -014.84 01527.3 00 0.0000 000.000 00.000 00.0000 00.00000 24.4644 -081.4118
163.130081 0079.5 0000 21.968 21.953 36.348 25.257 50 000079 001.4 -014.84 01548.3 00 0.0000 000.000 00.000 00.0000 00.00000 24.4644 -081.4118
163.130127 0080.2 0000 21.767 21.751 36.536 25.457 47 000080 001.4 -014.64 01570.2 00 0.0000 000.000 00.000 00.0000 00.00000 24.4644 -081.4119
163.130174 0079.7 0000 21.597 21.581 36.491 25.470 43 000080 001.4 -011.86 01570.2 00 0.0000 000.000 00.000 00.0000 00.00000 24.4644 -081.4119
163.130220 0079.8 0000 21.580 21.564 36.464 25.455 45 000081 001.4 -010.67 01591.6 00 0.0000 000.000 00.000 00.0000 00.00000 24.4644 -081.4119
163.130266 0079.7 0000 21.585 21.569 36.440 25.435 45 000082 001.7 -007.30 01612.2 00 0.0000 000.000 00.000 00.0000 00.00000 24.4644 -081.4120
163.130313 0079.9 0000 21.565 21.550 36.434 25.435 53 000083 001.7 -005.91 01629.8 00 0.0000 000.000 00.000 00.0000 00.00000 24.4644 -081.4120
163.130359 0079.8 0000 21.536 21.521 36.444 25.451 50 000084 001.7 -003.93 01647.9 00 0.0000 000.000 00.000 00.0000 00.00000 24.4644 -081.4120
163.130405 0080.2 0000 21.498 21.483 36.423 25.446 48 000001 002.0 -002.74 00000.0 01 0.0000 000.000 00.000 00.0000 00.00000 24.4643 -081.4121
163.130451 0079.8 0000 21.470 21.455 36.417 25.449 46 000001 001.7 -000.55 00000.0 01 0.0000 000.000 00.000 00.0000 00.00000 24.4643 -081.4121
163.130498 0079.9 0000 21.464 21.448 36.390 25.430 46 000002 001.7 000.64 00018.2 01 0.0000 000.000 00.000 00.0000 00.00000 24.4643 -081.4121
163.130544 0079.9 0000 21.436 21.421 36.415 25.457 45 000003 002.0 -000.35 00036.9 01 0.0000 000.000 00.000 00.0000 00.00000 24.4643 -081.4122
163.130590 0079.5 0000 21.464 21.448 36.414 25.449 43 000004 002.0 000.45 00056.1 01 0.0000 000.000 00.000 00.0000 00.00000 24.4643 -081.4122
163.130637 0079.7 0000 21.519 21.503 36.398 25.421 44 000005 002.0 000.06 00075.0 01 0.0000 000.000 00.000 00.0000 00.00000 24.4643 -081.4122
163.130683 0079.5 0000 21.524 21.508 36.398 25.420 44 000006 002.0 000.65 00093.8 01 0.0000 000.000 00.000 00.0000 00.00000 24.4643 -081.4123
163.130729 0079.4 0000 21.517 21.501 36.393 25.418 45 000006 001.7 000.65 00093.8 01 0.0000 000.000 00.000 00.0000 00.00000 24.4643 -081.4123
163.130775 0079.9 0000 21.496 21.481 36.384 25.417 45 000007 001.7 000.66 00112.3 01 0.0000 000.000 00.000 00.0000 00.00000 24.4643 -081.4123
163.130822 0079.7 0000 21.464 21.449 36.400 25.438 45 000008 002.0 000.06 00131.0 01 0.0000 000.000 00.000 00.0000 00.00000 24.4643 -081.4124
163.130868 0079.7 0000 21.456 21.441 36.396 25.437 44 000009 002.0 000.26 00149.9 01 0.0000 000.000 00.000 00.0000 00.00000 24.4643 -081.4124
163.130914 0079.8 0000 21.461 21.445 36.392 25.433 45 000010 002.0 000.07 00168.5 01 0.0000 000.000 00.000 00.0000 00.00000 24.4643 -081.4124
163.130961 0079.7 0000 21.456 21.440 36.395 25.437 43 000011 002.0 -000.33 00187.9 01 0.0000 000.000 00.000 00.0000 00.00000 24.4643 -081.4124
163.131007 0080.1 0000 21.455 21.439 36.396 25.438 44 000011 001.7 -000.92 00187.9 01 0.0000 000.000 00.000 00.0000 00.00000 24.4643 -081.4125
163.131053 0079.5 0000 21.441 21.426 36.394 25.440 44 000012 001.7 000.07 00206.8 01 0.0000 000.000 00.000 00.0000 00.00000 24.4642 -081.4125
163.131100 0079.7 0000 21.450 21.435 36.398 25.440 44 000013 002.0 -000.52 00226.0 01 0.0000 000.000 00.000 00.0000 00.00000 24.4642 -081.4125
163.131146 0079.9 0000 21.458 21.443 36.392 25.433 42 000014 002.0 -000.12 00245.6 01 0.0000 000.000 00.000 00.0000 00.00000 24.4642 -081.4126
163.131192 0079.7 0000 21.471 21.456 36.384 25.424 43 000015 002.0 000.08 00264.9 01 0.0000 000.000 00.000 00.0000 00.00000 24.4642 -081.4126
163.131238 0079.6 0000 21.520 21.505 36.396 25.419 44 000016 002.0 000.28 00283.8 01 0.0000 000.000 00.000 00.0000 00.00000 24.4642 -081.4126
163.131285 0079.2 0000 21.556 21.541 36.377 25.395 44 000016 001.7 001.27 00283.8 01 0.0000 000.000 00.000 00.0000 00.00000 24.4642 -081.4127
163.131331 0079.0 0000 21.566 21.551 36.389 25.401 44 000017 001.7 001.27 00302.4 01 0.0000 000.000 00.000 00.0000 00.00000 24.4642 -081.4127
163.131377 0079.0 0000 21.582 21.567 36.394 25.401 44 000018 002.0 002.06 00320.9 01 0.0000 000.000 00.000 00.0000 00.00000 24.4642 -081.4127
163.131424 0078.6 0000 21.601 21.586 36.395 25.396 46 000019 002.0 001.67 00338.8 01 0.0000 000.000 00.000 00.0000 00.00000 24.4642 -081.4128
163.131470 0078.8 0000 21.627 21.612 36.394 25.388 43 000019 001.7 001.67 00338.8 01 0.0000 000.000 00.000 00.0000 00.00000 24.4642 -081.4128
163.131516 0078.7 0000 21.647 21.632 36.389 25.378 43 000020 001.7 002.26 00357.5 01 0.0000 000.000 00.000 00.0000 00.00000 24.4642 -081.4128
163.131563 0078.3 0000 21.659 21.644 36.393 25.378 43 000021 001.7 002.66 00376.1 01 0.0000 000.000 00.000 00.0000 00.00000 24.4641 -081.4128
163.131609 0078.3 0000 21.656 21.641 36.397 25.382 43 000022 001.7 002.47 00394.7 01 0.0000 000.000 00.000 00.0000 00.00000 24.4641 -081.4129
163.131655 0078.7 0000 21.639 21.624 36.400 25.389 43 000023 002.0 000.88 00413.8 01 0.0000 000.000 00.000 00.0000 00.00000 24.4641 -081.4129
163.131701 0078.5 0000 21.631 21.615 36.390 25.384 43 000024 002.0 001.08 00432.8 01 0.0000 000.000 00.000 00.0000 00.00000 24.4641 -081.4129
163.131748 0078.4 0000 21.613 21.598 36.390 25.389 44 000024 001.7 001.28 00432.8 01 0.0000 000.000 00.000 00.0000 00.00000 24.4641 -081.4129
163.131794 0078.4 0000 21.611 21.596 36.395 25.393 44 000025 001.7 000.48 00451.6 01 0.0000 000.000 00.000 00.0000 00.00000 24.4641 -081.4130
163.131840 0078.5 0000 21.628 21.612 36.396 25.389 42 000026 002.0 000.69 00471.1 01 0.0000 000.000 00.000 00.0000 00.00000 24.4641 -081.4130
163.131887 0077.8 0000 21.670 21.654 36.403 25.383 42 000027 002.0 001.68 00490.3 01 0.0000 000.000 00.000 00.0000 00.00000 24.4641 -081.4130
163.131933 0077.3 0000 21.734 21.719 36.389 25.354 43 000028 002.0 001.87 00509.1 01 0.0000 000.000 00.000 00.0000 00.00000 24.4641 -081.4131
163.131979 0077.1 0000 21.806 21.791 36.414 25.353 43 000029 002.0 002.27 00527.8 01 0.0000 000.000 00.000 00.0000 00.00000 24.4641 -081.4131
163.132025 0076.7 0000 21.920 21.904 36.413 25.320 44 000029 001.7 003.66 00527.8 01 0.0000 000.000 00.000 00.0000 00.00000 24.4641 -081.4131
163.132072 0076.5 0000 22.083 22.068 36.410 25.272 43 000030 001.7 003.66 00546.1 01 0.0000 000.000 00.000 00.0000 00.00000 24.4641 -081.4132
163.132118 0076.5 0000 22.213 22.197 36.400 25.228 43 000031 002.0 003.46 00564.5 01 0.0000 000.000 00.000 00.0000 00.00000 24.4641 -081.4132
163.132176 0076.0 0000 22.303 22.287 36.403 25.205 43 000031 001.7 004.46 00564.5 01 0.0000 000.000 00.000 00.0000 00.00000 24.4641 -081.4132
163.132222 0075.8 0000 22.521 22.506 36.406 25.144 43 000032 001.7 005.05 00582.5 01 0.0000 000.000 00.000 00.0000 00.00000 24.4641 -081.4133
163.132269 0075.9 0000 22.632 22.617 36.394 25.104 42 000033 001.7 003.66 00601.1 01 0.0000 000.000 00.000 00.0000 00.00000 24.4640 -081.4133
163.132315 0074.9 0000 22.808 22.793 36.384 25.045 42 000034 001.7 004.45 00619.6 01 0.0000 000.000 00.000 00.0000 00.00000 24.4640 -081.4133
163.132361 0074.6 0000 22.924 22.909 36.412 25.033 43 000034 001.4 004.65 00619.6 01 0.0000 000.000 00.000 00.0000 00.00000 24.4640 -081.4133
163.132407 0075.0 0000 22.958 22.943 36.371 24.992 43 000035 001.7 003.27 00638.0 01 0.0000 000.000 00.000 00.0000 00.00000 24.4640 -081.4134
163.132454 0074.6 0000 22.992 22.976 36.389 24.996 42 000036 001.7 003.66 00656.7 01 0.0000 000.000 00.000 00.0000 00.00000 24.4640 -081.4134
163.132500 0074.0 0000 23.009 22.994 36.393 24.994 43 000037 001.7 004.65 00674.8 01 0.0000 000.000 00.000 00.0000 00.00000 24.4640 -081.4134
163.132546 0074.2 0000 23.016 23.001 36.390 24.989 43 000038 002.0 003.26 00693.2 01 0.0000 000.000 00.000 00.0000 00.00000 24.4640 -081.4135
163.132593 0073.7 0000 23.024 23.009 36.391 24.988 43 000038 001.7 003.86 00693.2 01 0.0000 000.000 00.000 00.0000 00.00000 24.4640 -081.4135
163.132639 0073.7 0000 23.027 23.012 36.397 24.992 42 000039 001.7 004.05 00711.8 01 0.0000 000.000 00.000 00.0000 00.00000 24.4640 -081.4135
163.132685 0073.5 0000 23.029 23.014 36.401 24.994 40 000040 001.7 002.67 00731.3 01 0.0000 000.000 00.000 00.0000 00.00000 24.4640 -081.4135
163.132731 0073.1 0000 23.032 23.017 36.402 24.994 42 000041 002.0 002.87 00750.2 01 0.0000 000.000 00.000 00.0000 00.00000 24.4640 -081.4136
163.132778 0072.6 0000 23.037 23.022 36.401 24.992 41 000042 002.0 004.45 00769.0 01 0.0000 000.000 00.000 00.0000 00.00000 24.4640 -081.4136
163.132824 0072.3 0000 23.044 23.029 36.402 24.991 43 000042 001.7 004.25 00769.0 01 0.0000 000.000 00.000 00.0000 00.00000 24.4640 -081.4136
163.132870 0072.4 0000 23.051 23.036 36.403 24.989 42 000043 001.7 003.06 00787.8 01 0.0000 000.000 00.000 00.0000 00.00000 24.4640 -081.4137
163.132917 0071.7 0000 23.057 23.042 36.403 24.988 44 000044 001.7 004.84 00805.5 01 0.0000 000.000 00.000 00.0000 00.00000 24.4640 -081.4137
163.132963 0071.4 0000 23.065 23.050 36.406 24.987 42 000045 002.0 004.24 00824.0 01 0.0000 000.000 00.000 00.0000 00.00000 24.4640 -081.4137
163.133009 0071.2 0000 23.077 23.062 36.408 24.985 42 000046 002.0 004.65 00842.4 01 0.0000 000.000 00.000 00.0000 00.00000 24.4640 -081.4138
163.133056 0070.9 0000 23.091 23.077 36.398 24.974 41 000047 002.0 004.84 00861.1 01 0.0000 000.000 00.000 00.0000 00.00000 24.4640 -081.4138
163.133102 0070.5 0000 23.101 23.086 36.399 24.971 42 000047 001.7 004.84 00861.1 01 0.0000 000.000 00.000 00.0000 00.00000 24.4639 -081.4138
163.133148 0069.6 0000 23.113 23.099 36.397 24.966 42 000048 001.7 005.63 00879.2 01 0.0000 000.000 00.000 00.0000 00.00000 24.4639 -081.4139
163.133194 0069.7 0000 23.132 23.118 36.388 24.954 41 000049 002.0 004.84 00897.9 01 0.0000 000.000 00.000 00.0000 00.00000 24.4639 -081.4139
163.133241 0069.2 0000 23.155 23.141 36.383 24.943 42 000050 002.0 006.02 00915.9 01 0.0000 000.000 00.000 00.0000 00.00000 24.4639 -081.4139
163.133287 0068.9 0000 23.201 23.187 36.383 24.930 42 000051 002.0 005.23 00934.2 01 0.0000 000.000 00.000 00.0000 00.00000 24.4639 -081.4139
163.133333 0068.4 0000 23.256 23.242 36.385 24.916 43 000052 002.0 005.63 00952.0 01 0.0000 000.000 00.000 00.0000 00.00000 24.4639 -081.4140
163.133380 0067.5 0000 23.321 23.307 36.371 24.886 42 000053 002.0 007.02 00969.8 01 0.0000 000.000 00.000 00.0000 00.00000 24.4639 -081.4140
163.133426 0067.4 0000 23.367 23.353 36.370 24.872 41 000053 001.7 006.61 00969.8 01 0.0000 000.000 00.000 00.0000 00.00000 24.4639 -081.4140
163.133472 0066.8 0000 23.452 23.438 36.364 24.842 41 000054 002.0 006.82 00987.9 01 0.0000 000.000 00.000 00.0000 00.00000 24.4639 -081.4141
163.133519 0066.3 0000 23.604 23.590 36.359 24.794 42 000055 002.0 006.22 01005.9 01 0.0000 000.000 00.000 00.0000 00.00000 24.4639 -081.4141
163.133565 0066.4 0000 23.764 23.750 36.367 24.753 43 000056 002.0 006.22 01023.6 01 0.0000 000.000 00.000 00.0000 00.00000 24.4639 -081.4141
163.133611 0065.8 0000 23.886 23.872 36.360 24.711 41 000057 002.0 006.42 01041.8 01 0.0000 000.000 00.000 00.0000 00.00000 24.4639 -081.4141
163.133657 0065.4 0000 23.941 23.927 36.359 24.694 43 000057 001.7 006.42 01041.8 01 0.0000 000.000 00.000 00.0000 00.00000 24.4639 -081.4142
163.133704 0065.3 0000 23.969 23.955 36.326 24.661 43 000058 001.7 005.82 01059.6 01 0.0000 000.000 00.000 00.0000 00.00000 24.4638 -081.4142
163.133750 0064.9 0000 24.007 23.993 36.355 24.671 43 000059 001.7 004.83 01077.6 01 0.0000 000.000 00.000 00.0000 00.00000 24.4638 -081.4143
163.133796 0064.8 0000 24.066 24.052 36.373 24.667 40 000060 002.0 004.83 01096.6 01 0.0000 000.000 00.000 00.0000 00.00000 24.4638 -081.4143
163.133843 0063.7 0000 24.120 24.106 36.361 24.643 40 000061 002.0 005.82 01115.3 01 0.0000 000.000 00.000 00.0000 00.00000 24.4638 -081.4143
163.133889 0063.6 0000 24.165 24.151 36.371 24.636 43 000061 001.7 005.02 01115.3 01 0.0000 000.000 00.000 00.0000 00.00000 24.4638 -081.4143
163.133935 0064.0 0000 24.175 24.161 36.362 24.626 43 000062 001.7 004.43 01133.5 01 0.0000 000.000 00.000 00.0000 00.00000 24.4638 -081.4144
163.133981 0063.5 0000 24.189 24.176 36.368 24.627 42 000063 001.7 004.23 01152.0 01 0.0000 000.000 00.000 00.0000 00.00000 24.4638 -081.4144
163.134028 0063.1 0000 24.228 24.214 36.366 24.614 43 000064 002.0 004.43 01170.1 01 0.0000 000.000 00.000 00.0000 00.00000 24.4638 -081.4144
163.134074 0063.3 0000 24.259 24.246 36.375 24.611 42 000065 002.0 003.84 01188.7 01 0.0000 000.000 00.000 00.0000 00.00000 24.4638 -081.4144
163.134120 0062.9 0000 24.308 24.295 36.371 24.593 40 000066 002.0 003.83 01208.0 01 0.0000 000.000 00.000 00.0000 00.00000 24.4638 -081.4145
163.134167 0062.1 0000 24.384 24.371 36.345 24.551 41 000066 001.7 005.02 01208.0 01 0.0000 000.000 00.000 00.0000 00.00000 24.4638 -081.4145
163.134213 0062.5 0000 24.501 24.487 36.354 24.523 42 000067 001.7 002.25 01227.0 01 0.0000 000.000 00.000 00.0000 00.00000 24.4638 -081.4145
163.134259 0061.3 0000 24.605 24.591 36.364 24.499 39 000068 002.0 004.43 01246.5 01 0.0000 000.000 00.000 00.0000 00.00000 24.4637 -081.4146
163.134306 0060.2 0000 24.753 24.740 36.354 24.446 48 000069 002.0 007.20 01262.2 01 0.0000 000.000 00.000 00.0000 00.00000 24.4637 -081.4146
163.134352 0060.4 0000 25.015 25.002 36.351 24.364 39 000069 001.7 005.81 01262.2 01 0.0000 000.000 00.000 00.0000 00.00000 24.4637 -081.4146
163.134398 0059.2 0000 25.124 25.111 36.322 24.308 41 000070 001.7 007.20 01280.3 01 0.0000 000.000 00.000 00.0000 00.00000 24.4637 -081.4147
163.134444 0058.6 0000 25.227 25.214 36.317 24.273 44 000071 001.7 008.78 01297.0 01 0.0000 000.000 00.000 00.0000 00.00000 24.4637 -081.4147
163.134491 0058.8 0000 25.374 25.361 36.359 24.260 42 000072 001.7 007.59 01314.6 01 0.0000 000.000 00.000 00.0000 00.00000 24.4637 -081.4147
163.134537 0058.3 0000 25.500 25.487 36.308 24.182 48 000073 002.0 007.19 01330.3 01 0.0000 000.000 00.000 00.0000 00.00000 24.4637 -081.4147
163.134583 0058.2 0000 25.568 25.555 36.253 24.120 46 000073 001.7 008.18 01330.3 01 0.0000 000.000 00.000 00.0000 00.00000 24.4637 -081.4148
163.134630 0057.9 0000 25.657 25.644 36.283 24.115 44 000074 001.7 006.40 01347.6 01 0.0000 000.000 00.000 00.0000 00.00000 24.4637 -081.4148
163.134676 0057.7 0000 25.711 25.698 36.321 24.127 44 000075 001.7 004.62 01365.4 01 0.0000 000.000 00.000 00.0000 00.00000 24.4637 -081.4148
163.134722 0057.7 0000 25.744 25.731 36.333 24.126 43 000076 002.0 005.01 01383.4 01 0.0000 000.000 00.000 00.0000 00.00000 24.4637 -081.4149
163.134769 0057.5 0000 25.777 25.765 36.324 24.108 40 000076 001.7 003.22 01383.4 01 0.0000 000.000 00.000 00.0000 00.00000 24.4637 -081.4149
163.134815 0056.8 0000 25.815 25.803 36.330 24.101 43 000077 001.7 003.42 01401.8 01 0.0000 000.000 00.000 00.0000 00.00000 24.4637 -081.4149
163.134861 0056.7 0000 25.843 25.830 36.338 24.098 42 000078 001.7 004.01 01420.3 01 0.0000 000.000 00.000 00.0000 00.00000 24.4636 -081.4149
163.134907 0056.2 0000 25.852 25.840 36.332 24.090 42 000079 001.7 003.81 01439.0 01 0.0000 000.000 00.000 00.0000 00.00000 24.4636 -081.4150
163.134954 0056.1 0000 25.873 25.861 36.333 24.085 41 000001 002.0 003.81 00000.0 02 0.0000 000.000 00.000 00.0000 00.00000 24.4636 -081.4150
163.135000 0055.6 0000 25.919 25.907 36.331 24.069 41 000001 001.7 004.21 00000.0 02 0.0000 000.000 00.000 00.0000 00.00000 24.4636 -081.4150
163.135046 0055.2 0000 25.970 25.957 36.312 24.039 42 000002 001.7 004.80 00018.4 02 0.0000 000.000 00.000 00.0000 00.00000 24.4636 -081.4151
163.135093 0054.5 0000 25.999 25.987 36.341 24.052 42 000003 001.7 005.99 00036.4 02 0.0000 000.000 00.000 00.0000 00.00000 24.4636 -081.4151
163.135139 0054.4 0000 26.028 26.015 36.341 24.043 41 000004 002.0 005.79 00054.8 02 0.0000 000.000 00.000 00.0000 00.00000 24.4636 -081.4151
163.135185 0053.9 0000 26.064 26.052 36.347 24.036 41 000005 002.0 005.39 00073.4 02 0.0000 000.000 00.000 00.0000 00.00000 24.4636 -081.4152
163.135231 0053.6 0000 26.117 26.105 36.341 24.014 40 000005 001.7 005.79 00073.4 02 0.0000 000.000 00.000 00.0000 00.00000 24.4636 -081.4152
163.135278 0053.0 0000 26.181 26.169 36.342 23.995 40 000006 001.7 006.18 00092.0 02 0.0000 000.000 00.000 00.0000 00.00000 24.4636 -081.4152
163.135324 0052.5 0000 26.317 26.305 36.363 23.968 41 000007 001.7 006.77 00110.2 02 0.0000 000.000 00.000 00.0000 00.00000 24.4636 -081.4152
163.135370 0051.8 0000 26.506 26.494 36.338 23.890 43 000008 002.0 007.17 00127.6 02 0.0000 000.000 00.000 00.0000 00.00000 24.4635 -081.4153
163.135428 0052.1 0000 26.697 26.686 36.371 23.853 42 000009 002.0 005.78 00145.7 02 0.0000 000.000 00.000 00.0000 00.00000 24.4635 -081.4153
163.135475 0051.3 0000 26.818 26.806 36.372 23.816 40 000009 001.7 006.17 00145.7 02 0.0000 000.000 00.000 00.0000 00.00000 24.4635 -081.4153
163.135521 0050.7 0000 26.928 26.917 36.332 23.751 43 000010 001.7 006.96 00163.1 02 0.0000 000.000 00.000 00.0000 00.00000 24.4635 -081.4154
163.135567 0050.6 0000 27.032 27.020 36.341 23.724 40 000011 001.7 006.17 00181.8 02 0.0000 000.000 00.000 00.0000 00.00000 24.4635 -081.4154
163.135613 0049.2 0000 27.098 27.086 36.330 23.695 41 000012 002.0 008.15 00199.6 02 0.0000 000.000 00.000 00.0000 00.00000 24.4635 -081.4154
163.135660 0049.1 0000 27.230 27.219 36.366 23.679 45 000013 002.0 007.16 00216.3 02 0.0000 000.000 00.000 00.0000 00.00000 24.4635 -081.4154
163.135706 0049.2 0000 27.282 27.270 36.370 23.665 42 000013 001.7 006.17 00216.3 02 0.0000 000.000 00.000 00.0000 00.00000 24.4635 -081.4155
163.135752 0048.7 0000 27.310 27.298 36.345 23.638 42 000014 001.7 005.77 00234.4 02 0.0000 000.000 00.000 00.0000 00.00000 24.4635 -081.4155
163.135799 0048.3 0000 27.322 27.310 36.335 23.626 44 000015 001.7 007.16 00251.5 02 0.0000 000.000 00.000 00.0000 00.00000 24.4635 -081.4155
163.135845 0048.2 0000 27.357 27.346 36.353 23.628 42 000016 002.0 005.77 00269.6 02 0.0000 000.000 00.000 00.0000 00.00000 24.4634 -081.4156
163.135891 0047.8 0000 27.404 27.393 36.341 23.604 42 000017 002.0 005.57 00287.8 02 0.0000 000.000 00.000 00.0000 00.00000 24.4634 -081.4156
163.135938 0047.8 0000 27.431 27.420 36.349 23.601 43 000018 002.0 005.37 00305.7 02 0.0000 000.000 00.000 00.0000 00.00000 24.4634 -081.4156
163.135984 0047.3 0000 27.449 27.438 36.344 23.591 42 000018 001.7 003.58 00305.7 02 0.0000 000.000 00.000 00.0000 00.00000 24.4634 -081.4156
163.136030 0047.0 0000 27.457 27.446 36.344 23.589 42 000019 001.7 003.98 00324.2 02 0.0000 000.000 00.000 00.0000 00.00000 24.4634 -081.4157
163.136076 0046.8 0000 27.466 27.455 36.343 23.585 43 000020 002.0 004.57 00342.3 02 0.0000 000.000 00.000 00.0000 00.00000 24.4634 -081.4157
163.136123 0046.6 0000 27.473 27.462 36.337 23.578 42 000021 002.0 003.98 00360.9 02 0.0000 000.000 00.000 00.0000 00.00000 24.4634 -081.4157
163.136169 0046.3 0000 27.484 27.473 36.346 23.581 45 000022 002.0 003.77 00378.6 02 0.0000 000.000 00.000 00.0000 00.00000 24.4634 -081.4158
163.136215 0046.2 0000 27.497 27.486 36.338 23.571 43 000023 002.0 003.77 00396.9 02 0.0000 000.000 00.000 00.0000 00.00000 24.4634 -081.4158
163.136262 0045.8 0000 27.508 27.497 36.341 23.570 42 000023 001.7 003.57 00396.9 02 0.0000 000.000 00.000 00.0000 00.00000 24.4634 -081.4158
163.136308 0045.1 0000 27.529 27.518 36.337 23.560 43 000024 001.7 004.96 00414.9 02 0.0000 000.000 00.000 00.0000 00.00000 24.4634 -081.4159
163.136354 0045.3 0000 27.537 27.526 36.329 23.551 44 000025 002.0 003.77 00432.8 02 0.0000 000.000 00.000 00.0000 00.00000 24.4633 -081.4159
163.136400 0045.4 0000 27.547 27.537 36.329 23.548 42 000026 002.0 002.97 00451.7 02 0.0000 000.000 00.000 00.0000 00.00000 24.4633 -081.4159
163.136447 0045.0 0000 27.570 27.560 36.336 23.546 43 000026 001.7 003.37 00451.7 02 0.0000 000.000 00.000 00.0000 00.00000 24.4633 -081.4159
163.136493 0044.9 0000 27.585 27.575 36.339 23.543 41 000027 001.7 003.17 00470.8 02 0.0000 000.000 00.000 00.0000 00.00000 24.4633 -081.4160
163.136539 0044.2 0000 27.593 27.583 36.339 23.540 42 000028 001.7 003.96 00489.4 02 0.0000 000.000 00.000 00.0000 00.00000 24.4633 -081.4160
163.136586 0043.8 0000 27.620 27.610 36.346 23.537 45 000029 001.7 004.36 00506.9 02 0.0000 000.000 00.000 00.0000 00.00000 24.4633 -081.4160
163.136632 0043.7 0000 27.633 27.623 36.348 23.535 43 000030 002.0 003.96 00525.1 02 0.0000 000.000 00.000 00.0000 00.00000 24.4633 -081.4161
163.136678 0043.3 0000 27.641 27.631 36.348 23.532 44 000031 002.0 003.37 00543.2 02 0.0000 000.000 00.000 00.0000 00.00000 24.4633 -081.4161
163.136725 0043.1 0000 27.644 27.634 36.349 23.532 44 000031 001.7 004.16 00543.2 02 0.0000 000.000 00.000 00.0000 00.00000 24.4633 -081.4161
163.136771 0043.4 0000 27.645 27.634 36.348 23.531 45 000032 001.7 003.76 00560.9 02 0.0000 000.000 00.000 00.0000 00.00000 24.4633 -081.4162
163.136817 0043.4 0000 27.647 27.637 36.348 23.530 43 000033 002.0 002.96 00579.4 02 0.0000 000.000 00.000 00.0000 00.00000 24.4633 -081.4162
163.136863 0042.8 0000 27.649 27.639 36.352 23.532 38 000033 001.7 003.96 00579.4 02 0.0000 000.000 00.000 00.0000 00.00000 24.4633 -081.4162
163.136910 0042.4 0000 27.652 27.642 36.352 23.531 43 000034 001.7 003.36 00597.8 02 0.0000 000.000 00.000 00.0000 00.00000 24.4632 -081.4162
163.136956 0042.8 0000 27.652 27.642 36.352 23.531 44 000035 001.7 001.97 00616.3 02 0.0000 000.000 00.000 00.0000 00.00000 24.4632 -081.4163
163.137002 0042.2 0000 27.653 27.643 36.353 23.531 38 000036 001.7 002.96 00636.4 02 0.0000 000.000 00.000 00.0000 00.00000 24.4632 -081.4163
163.137049 0041.6 0000 27.655 27.645 36.353 23.531 43 000036 001.4 003.16 00636.4 02 0.0000 000.000 00.000 00.0000 00.00000 24.4632 -081.4163
163.137095 0042.0 0000 27.662 27.652 36.355 23.530 43 000037 001.7 001.97 00655.2 02 0.0000 000.000 00.000 00.0000 00.00000 24.4632 -081.4164
163.137141 0041.5 0000 27.675 27.665 36.358 23.528 43 000038 001.7 003.55 00673.6 02 0.0000 000.000 00.000 00.0000 00.00000 24.4632 -081.4164
163.137188 0041.4 0000 27.693 27.683 36.363 23.526 43 000039 001.7 003.75 00691.9 02 0.0000 000.000 00.000 00.0000 00.00000 24.4632 -081.4164
163.137234 0041.0 0000 27.701 27.692 36.365 23.525 50 000040 002.0 003.36 00708.0 02 0.0000 000.000 00.000 00.0000 00.00000 24.4632 -081.4165
163.137280 0040.5 0000 27.730 27.720 36.385 23.530 46 000040 001.7 003.55 00708.0 02 0.0000 000.000 00.000 00.0000 00.00000 24.4632 -081.4165
163.137326 0040.5 0000 27.743 27.733 36.372 23.516 44 000001 001.7 004.34 00000.0 03 0.0000 000.000 00.000 00.0000 00.00000 24.4632 -081.4165
163.137373 0040.2 0000 27.773 27.764 36.375 23.509 43 000002 001.7 003.75 00018.3 03 0.0000 000.000 00.000 00.0000 00.00000 24.4632 -081.4165
163.137419 0040.3 0000 27.785 27.776 36.375 23.505 43 000003 002.0 002.56 00036.9 03 0.0000 000.000 00.000 00.0000 00.00000 24.4632 -081.4166
163.137465 0039.9 0000 27.794 27.784 36.381 23.506 41 000004 002.0 003.95 00055.8 03 0.0000 000.000 00.000 00.0000 00.00000 24.4631 -081.4166
163.137512 0039.4 0000 27.802 27.793 36.384 23.506 42 000005 002.0 003.95 00074.4 03 0.0000 000.000 00.000 00.0000 00.00000 24.4631 -081.4166
163.137558 0039.3 0000 27.810 27.801 36.387 23.505 44 000006 002.0 003.95 00092.4 03 0.0000 000.000 00.000 00.0000 00.00000 24.4631 -081.4167
163.137604 0039.4 0000 27.816 27.806 36.387 23.504 43 000007 002.0 002.95 00110.9 03 0.0000 000.000 00.000 00.0000 00.00000 24.4631 -081.4167
163.137650 0038.9 0000 27.819 27.810 36.388 23.504 42 000008 002.3 002.96 00129.7 03 0.0000 000.000 00.000 00.0000 00.00000 24.4631 -081.4167
163.137697 0039.0 0000 27.825 27.816 36.387 23.501 43 000009 002.3 002.76 00148.3 03 0.0000 000.000 00.000 00.0000 00.00000 24.4631 -081.4167
163.137743 0038.7 0000 27.828 27.819 36.388 23.500 43 000009 002.0 002.75 00148.3 03 0.0000 000.000 00.000 00.0000 00.00000 24.4631 -081.4168
163.137789 0038.5 0000 27.831 27.821 36.390 23.501 42 000010 002.0 003.35 00167.1 03 0.0000 000.000 00.000 00.0000 00.00000 24.4631 -081.4168
163.137836 0038.7 0000 27.833 27.824 36.389 23.500 43 000011 002.0 002.36 00185.7 03 0.0000 000.000 00.000 00.0000 00.00000 24.4631 -081.4168
163.137882 0038.5 0000 27.835 27.826 36.390 23.500 42 000012 002.0 001.77 00204.9 03 0.0000 000.000 00.000 00.0000 00.00000 24.4631 -081.4168
163.137928 0038.6 0000 27.837 27.828 36.392 23.500 43 000013 002.0 001.37 00223.8 03 0.0000 000.000 00.000 00.0000 00.00000 24.4630 -081.4169
163.137975 0038.4 0000 27.840 27.831 36.393 23.500 42 000013 001.7 001.96 00223.8 03 0.0000 000.000 00.000 00.0000 00.00000 24.4630 -081.4169
163.138021 0038.7 0000 27.841 27.832 36.392 23.499 42 000014 001.7 000.37 00243.4 03 0.0000 000.000 00.000 00.0000 00.00000 24.4630 -081.4169
163.138067 0038.1 0000 27.842 27.833 36.392 23.499 42 000015 001.7 001.76 00262.5 03 0.0000 000.000 00.000 00.0000 00.00000 24.4630 -081.4170
163.138113 0037.6 0000 27.841 27.833 36.389 23.497 42 000016 002.0 001.96 00281.6 03 0.0000 000.000 00.000 00.0000 00.00000 24.4630 -081.4170
163.138160 0037.3 0000 27.838 27.829 36.387 23.496 43 000017 002.0 002.15 00300.4 03 0.0000 000.000 00.000 00.0000 00.00000 24.4630 -081.4170
163.138206 0037.2 0000 27.836 27.827 36.379 23.491 42 000017 001.7 002.75 00300.4 03 0.0000 000.000 00.000 00.0000 00.00000 24.4630 -081.4170
163.138252 0037.0 0000 27.833 27.825 36.375 23.489 42 000018 001.7 002.75 00319.3 03 0.0000 000.000 00.000 00.0000 00.00000 24.4630 -081.4171
163.138299 0036.8 0000 27.833 27.824 36.374 23.488 43 000019 001.7 003.34 00337.7 03 0.0000 000.000 00.000 00.0000 00.00000 24.4630 -081.4171
163.138345 0037.1 0000 27.833 27.824 36.373 23.488 42 000020 002.0 002.35 00356.7 03 0.0000 000.000 00.000 00.0000 00.00000 24.4630 -081.4171
163.138391 0036.5 0000 27.833 27.824 36.373 23.487 42 000021 002.0 004.13 00375.2 03 0.0000 000.000 00.000 00.0000 00.00000 24.4630 -081.4172
163.138437 0036.8 0000 27.833 27.824 36.372 23.487 43 000022 002.0 002.35 00393.9 03 0.0000 000.000 00.000 00.0000 00.00000 24.4630 -081.4172
163.138484 0036.6 0000 27.836 27.827 36.371 23.485 42 000023 002.0 001.96 00413.0 03 0.0000 000.000 00.000 00.0000 00.00000 24.4629 -081.4172
163.138530 0036.0 0000 27.840 27.831 36.372 23.484 40 000024 002.0 002.55 00432.6 03 0.0000 000.000 00.000 00.0000 00.00000 24.4629 -081.4172
163.138576 0036.2 0000 27.856 27.847 36.374 23.480 42 000024 002.0 001.95 00432.6 03 0.0000 000.000 00.000 00.0000 00.00000 24.4629 -081.4173
163.138623 0035.5 0000 27.867 27.859 36.369 23.473 40 000025 002.0 002.74 00452.2 03 0.0000 000.000 00.000 00.0000 00.00000 24.4629 -081.4173
163.138681 0035.7 0000 27.877 27.868 36.369 23.470 42 000026 002.0 002.15 00471.2 03 0.0000 000.000 00.000 00.0000 00.00000 24.4629 -081.4173
163.138727 0035.5 0000 27.877 27.868 36.370 23.471 42 000027 002.0 002.95 00490.1 03 0.0000 000.000 00.000 00.0000 00.00000 24.4629 -081.4174
163.138773 0034.8 0000 27.869 27.861 36.371 23.474 42 000028 002.0 003.15 00508.9 03 0.0000 000.000 00.000 00.0000 00.00000 24.4629 -081.4174
163.138819 0034.8 0000 27.871 27.863 36.366 23.470 43 000029 002.0 003.74 00527.2 03 0.0000 000.000 00.000 00.0000 00.00000 24.4629 -081.4174
163.138866 0034.6 0000 27.867 27.859 36.373 23.476 42 000029 001.7 003.74 00527.2 03 0.0000 000.000 00.000 00.0000 00.00000 24.4629 -081.4175
163.138912 0034.6 0000 27.875 27.867 36.373 23.474 42 000030 001.7 002.55 00546.2 03 0.0000 000.000 00.000 00.0000 00.00000 24.4629 -081.4175
163.138958 0034.4 0000 27.881 27.873 36.371 23.470 42 000031 002.0 003.34 00564.9 03 0.0000 000.000 00.000 00.0000 00.00000 24.4629 -081.4175
163.139005 0034.3 0000 27.883 27.875 36.370 23.468 43 000032 002.0 002.35 00583.6 03 0.0000 000.000 00.000 00.0000 00.00000 24.4629 -081.4175
163.139051 0034.1 0000 27.886 27.878 36.370 23.467 41 000033 002.0 002.94 00602.8 03 0.0000 000.000 00.000 00.0000 00.00000 24.4629 -081.4176
163.139097 0033.9 0000 27.891 27.883 36.370 23.466 39 000034 002.0 003.15 00622.5 03 0.0000 000.000 00.000 00.0000 00.00000 24.4628 -081.4176
163.139144 0033.0 0000 27.901 27.893 36.366 23.460 41 000035 002.0 003.34 00641.6 03 0.0000 000.000 00.000 00.0000 00.00000 24.4628 -081.4176
163.139190 0033.0 0000 27.911 27.903 36.368 23.457 44 000035 001.7 003.34 00641.6 03 0.0000 000.000 00.000 00.0000 00.00000 24.4628 -081.4177
163.139236 0033.6 0000 27.920 27.912 36.368 23.455 43 000036 002.0 001.95 00660.4 03 0.0000 000.000 00.000 00.0000 00.00000 24.4628 -081.4177
163.139282 0032.9 0000 27.923 27.915 36.370 23.455 40 000037 002.0 003.14 00679.8 03 0.0000 000.000 00.000 00.0000 00.00000 24.4628 -081.4177
163.139329 0032.8 0000 27.933 27.925 36.368 23.451 43 000038 002.0 002.94 00698.4 03 0.0000 000.000 00.000 00.0000 00.00000 24.4628 -081.4177
163.139375 0033.3 0000 27.935 27.927 36.371 23.452 42 000039 002.0 001.95 00717.5 03 0.0000 000.000 00.000 00.0000 00.00000 24.4628 -081.4178
163.139421 0032.4 0000 27.937 27.929 36.373 23.453 41 000040 002.0 003.14 00736.6 03 0.0000 000.000 00.000 00.0000 00.00000 24.4628 -081.4178
163.139468 0032.6 0000 27.943 27.935 36.376 23.454 42 000040 001.7 002.34 00736.6 03 0.0000 000.000 00.000 00.0000 00.00000 24.4628 -081.4178
163.139514 0032.6 0000 27.946 27.938 36.375 23.452 41 000041 001.7 000.76 00756.4 03 0.0000 000.000 00.000 00.0000 00.00000 24.4628 -081.4178
163.139560 0032.0 0000 27.949 27.942 36.375 23.450 43 000042 002.0 001.95 00775.1 03 0.0000 000.000 00.000 00.0000 00.00000 24.4628 -081.4179
163.139606 0032.4 0000 27.949 27.941 36.374 23.450 42 000043 002.0 002.15 00794.2 03 0.0000 000.000 00.000 00.0000 00.00000 24.4627 -081.4179
163.139653 0031.6 0000 27.950 27.943 36.375 23.450 39 000044 002.0 002.55 00814.1 03 0.0000 000.000 00.000 00.0000 00.00000 24.4627 -081.4179
163.139699 0030.8 0000 27.956 27.948 36.374 23.447 41 000045 002.0 003.74 00833.1 03 0.0000 000.000 00.000 00.0000 00.00000 24.4627 -081.4180
163.139745 0031.2 0000 27.958 27.951 36.373 23.446 42 000045 001.7 003.93 00833.1 03 0.0000 000.000 00.000 00.0000 00.00000 24.4627 -081.4180
163.139792 0031.0 0000 27.966 27.959 36.375 23.445 42 000046 001.7 002.55 00852.1 03 0.0000 000.000 00.000 00.0000 00.00000 24.4627 -081.4180
163.139838 0030.6 0000 27.971 27.964 36.375 23.443 41 000047 002.0 003.74 00871.0 03 0.0000 000.000 00.000 00.0000 00.00000 24.4627 -081.4180
163.139884 0030.8 0000 27.977 27.970 36.375 23.441 42 000048 002.0 003.34 00889.8 03 0.0000 000.000 00.000 00.0000 00.00000 24.4627 -081.4181
163.139931 0030.8 0000 27.980 27.972 36.376 23.441 40 000049 002.0 002.15 00909.5 03 0.0000 000.000 00.000 00.0000 00.00000 24.4627 -081.4181
163.139977 0030.0 0000 27.979 27.972 36.376 23.441 42 000050 002.0 004.53 00927.9 03 0.0000 000.000 00.000 00.0000 00.00000 24.4627 -081.4181
163.140023 0030.3 0000 27.981 27.973 36.378 23.442 41 000050 001.7 002.35 00927.9 03 0.0000 000.000 00.000 00.0000 00.00000 24.4627 -081.4182
163.140069 0029.9 0000 27.983 27.976 36.377 23.441 41 000051 001.7 001.75 00947.4 03 0.0000 000.000 00.000 00.0000 00.00000 24.4627 -081.4182
163.140116 0029.6 0000 27.983 27.976 36.376 23.440 41 000052 002.0 002.94 00966.6 03 0.0000 000.000 00.000 00.0000 00.00000 24.4626 -081.4182
163.140162 0029.4 0000 27.983 27.976 36.376 23.440 42 000053 002.0 003.14 00985.4 03 0.0000 000.000 00.000 00.0000 00.00000 24.4626 -081.4182
163.140208 0029.2 0000 27.985 27.979 36.376 23.439 41 000054 002.0 002.74 01004.6 03 0.0000 000.000 00.000 00.0000 00.00000 24.4626 -081.4183
163.140255 0028.2 0000 27.995 27.988 36.376 23.436 40 000055 002.0 004.92 01023.6 03 0.0000 000.000 00.000 00.0000 00.00000 24.4626 -081.4183
163.140301 0027.9 0000 28.005 27.998 36.375 23.432 41 000055 001.7 005.51 01023.6 03 0.0000 000.000 00.000 00.0000 00.00000 24.4626 -081.4183
163.140347 0027.2 0000 28.014 28.007 36.374 23.428 42 000056 001.7 005.32 01041.8 03 0.0000 000.000 00.000 00.0000 00.00000 24.4626 -081.4184
163.140394 0027.3 0000 28.027 28.020 36.377 23.426 42 000057 002.0 005.72 01059.9 03 0.0000 000.000 00.000 00.0000 00.00000 24.4626 -081.4184
163.140440 0027.3 0000 28.045 28.038 36.385 23.426 42 000058 002.0 004.92 01078.2 03 0.0000 000.000 00.000 00.0000 00.00000 24.4626 -081.4184
163.140486 0026.5 0000 28.055 28.049 36.387 23.424 40 000059 002.0 005.72 01097.0 03 0.0000 000.000 00.000 00.0000 00.00000 24.4626 -081.4184
163.140532 0025.8 0000 28.064 28.058 36.391 23.424 42 000060 002.0 006.71 01114.9 03 0.0000 000.000 00.000 00.0000 00.00000 24.4626 -081.4185
163.140579 0026.2 0000 28.067 28.061 36.387 23.421 42 000061 002.0 005.52 01133.0 03 0.0000 000.000 00.000 00.0000 00.00000 24.4626 -081.4185
163.140625 0025.6 0000 28.068 28.062 36.388 23.421 40 000062 002.0 004.92 01152.0 03 0.0000 000.000 00.000 00.0000 00.00000 24.4626 -081.4185
163.140671 0025.0 0000 28.068 28.062 36.390 23.422 42 000062 002.0 005.52 01152.0 03 0.0000 000.000 00.000 00.0000 00.00000 24.4625 -081.4185
163.140718 0024.9 0000 28.068 28.062 36.390 23.422 43 000063 002.0 004.33 01170.2 03 0.0000 000.000 00.000 00.0000 00.00000 24.4625 -081.4186
163.140764 0024.6 0000 28.070 28.064 36.391 23.422 41 000064 002.0 004.92 01188.8 03 0.0000 000.000 00.000 00.0000 00.00000 24.4625 -081.4186
163.140810 0024.2 0000 28.072 28.067 36.390 23.420 42 000065 002.0 005.71 01206.9 03 0.0000 000.000 00.000 00.0000 00.00000 24.4625 -081.4186
163.140856 0023.9 0000 28.077 28.071 36.392 23.421 41 000066 002.0 004.92 01225.6 03 0.0000 000.000 00.000 00.0000 00.00000 24.4625 -081.4187
163.140903 0023.4 0000 28.080 28.074 36.392 23.420 44 000066 001.7 004.52 01225.6 03 0.0000 000.000 00.000 00.0000 00.00000 24.4625 -081.4187
163.140949 0023.8 0000 28.082 28.076 36.388 23.416 41 000067 001.7 004.52 01244.4 03 0.0000 000.000 00.000 00.0000 00.00000 24.4625 -081.4187
163.140995 0023.2 0000 28.086 28.080 36.381 23.410 39 000068 001.7 004.52 01263.8 03 0.0000 000.000 00.000 00.0000 00.00000 24.4625 -081.4188
163.141042 0022.4 0000 28.094 28.088 36.369 23.397 41 000069 002.0 004.72 01282.5 03 0.0000 000.000 00.000 00.0000 00.00000 24.4625 -081.4188
163.141088 0022.3 0000 28.100 28.095 36.361 23.390 40 000070 002.0 004.72 01301.5 03 0.0000 000.000 00.000 00.0000 00.00000 24.4625 -081.4188
163.141134 0022.3 0000 28.104 28.099 36.357 23.385 40 000071 002.0 004.33 01320.6 03 0.0000 000.000 00.000 00.0000 00.00000 24.4625 -081.4188
163.141181 0021.9 0000 28.110 28.105 36.352 23.380 41 000072 002.0 004.33 01339.4 03 0.0000 000.000 00.000 00.0000 00.00000 24.4625 -081.4189
163.141227 0021.4 0000 28.116 28.111 36.348 23.374 40 000072 001.7 004.72 01339.4 03 0.0000 000.000 00.000 00.0000 00.00000 24.4625 -081.4189
163.141273 0021.0 0000 28.127 28.122 36.341 23.365 41 000073 002.0 004.52 01358.2 03 0.0000 000.000 00.000 00.0000 00.00000 24.4625 -081.4189
163.141319 0020.3 0000 28.125 28.120 36.343 23.367 40 000074 002.0 006.51 01376.8 03 0.0000 000.000 00.000 00.0000 00.00000 24.4624 -081.4190
163.141366 0019.5 0000 28.117 28.112 36.348 23.374 43 000075 002.0 006.91 01394.2 03 0.0000 000.000 00.000 00.0000 00.00000 24.4624 -081.4190
163.141412 0019.5 0000 28.123 28.118 36.345 23.370 42 000076 002.0 005.51 01412.4 03 0.0000 000.000 00.000 00.0000 00.00000 24.4624 -081.4190
163.141458 0019.1 0000 28.127 28.122 36.341 23.366 39 000077 002.0 006.11 01431.4 03 0.0000 000.000 00.000 00.0000 00.00000 24.4624 -081.4191
163.141505 0018.6 0000 28.132 28.128 36.338 23.361 49 000078 002.0 007.10 01446.9 03 0.0000 000.000 00.000 00.0000 00.00000 24.4624 -081.4191
163.141551 0018.7 0000 28.145 28.141 36.328 23.350 44 000001 002.0 006.11 00000.0 04 0.0000 000.000 00.000 00.0000 00.00000 24.4624 -081.4191
163.141597 0017.8 0000 28.155 28.151 36.320 23.341 42 000002 002.3 006.71 00017.9 04 0.0000 000.000 00.000 00.0000 00.00000 24.4624 -081.4191
163.141644 0017.5 0000 28.160 28.156 36.316 23.336 43 000002 002.0 006.51 00017.9 04 0.0000 000.000 00.000 00.0000 00.00000 24.4624 -081.4192
163.141690 0016.9 0000 28.162 28.158 36.315 23.334 41 000003 002.0 006.50 00036.1 04 0.0000 000.000 00.000 00.0000 00.00000 24.4624 -081.4192
163.141736 0016.5 0000 28.166 28.162 36.310 23.329 42 000004 002.0 005.71 00054.2 04 0.0000 000.000 00.000 00.0000 00.00000 24.4624 -081.4192
163.141782 0016.2 0000 28.169 28.165 36.307 23.326 41 000005 002.0 006.11 00072.5 04 0.0000 000.000 00.000 00.0000 00.00000 24.4624 -081.4193
163.141829 0015.5 0000 28.172 28.169 36.299 23.319 40 000006 002.0 006.70 00091.1 04 0.0000 000.000 00.000 00.0000 00.00000 24.4624 -081.4193
163.141875 0014.9 0000 28.172 28.168 36.303 23.322 42 000007 002.0 006.90 00108.9 04 0.0000 000.000 00.000 00.0000 00.00000 24.4624 -081.4193
163.141933 0014.8 0000 28.169 28.166 36.308 23.327 42 000008 002.0 007.30 00126.6 04 0.0000 000.000 00.000 00.0000 00.00000 24.4624 -081.4194
163.141979 0014.1 0000 28.168 28.164 36.310 23.328 42 000009 002.0 006.90 00144.4 04 0.0000 000.000 00.000 00.0000 00.00000 24.4624 -081.4194
163.142025 0013.8 0000 28.167 28.164 36.311 23.330 42 000010 002.3 006.90 00162.2 04 0.0000 000.000 00.000 00.0000 00.00000 24.4624 -081.4194
163.142072 0013.0 0000 28.169 28.166 36.308 23.326 40 000011 002.3 007.30 00180.5 04 0.0000 000.000 00.000 00.0000 00.00000 24.4624 -081.4194
163.142118 0012.2 0000 28.175 28.172 36.293 23.313 43 000012 002.3 007.90 00197.7 04 0.0000 000.000 00.000 00.0000 00.00000 24.4624 -081.4195
163.142164 0012.3 0000 28.178 28.175 36.292 23.311 43 000013 002.3 007.30 00215.1 04 0.0000 000.000 00.000 00.0000 00.00000 24.4624 -081.4195
163.142211 0011.7 0000 28.178 28.175 36.294 23.313 39 000014 002.3 007.10 00233.8 04 0.0000 000.000 00.000 00.0000 00.00000 24.4624 -081.4195
163.142257 0010.8 0000 28.177 28.174 36.300 23.317 42 000015 002.3 007.69 00251.4 04 0.0000 000.000 00.000 00.0000 00.00000 24.4624 -081.4196
163.142303 0010.8 0000 28.175 28.172 36.302 23.319 43 000016 002.3 007.50 00268.7 04 0.0000 000.000 00.000 00.0000 00.00000 24.4624 -081.4196
163.142350 0010.5 0000 28.176 28.173 36.296 23.315 40 000017 002.3 006.90 00287.2 04 0.0000 000.000 00.000 00.0000 00.00000 24.4624 -081.4196
163.142396 0009.3 0000 28.177 28.175 36.291 23.311 46 000018 002.3 008.49 00303.3 04 0.0000 000.000 00.000 00.0000 00.00000 24.4624 -081.4197
163.142442 0009.5 0000 28.178 28.176 36.293 23.312 45 000019 002.3 006.51 00320.2 04 0.0000 000.000 00.000 00.0000 00.00000 24.4624 -081.4197
163.142488 0008.9 0000 28.178 28.176 36.294 23.313 42 000020 002.3 006.31 00338.2 04 0.0000 000.000 00.000 00.0000 00.00000 24.4624 -081.4198
163.142535 0008.3 0000 28.177 28.175 36.293 23.312 42 000021 002.3 007.50 00355.8 04 0.0000 000.000 00.000 00.0000 00.00000 24.4624 -081.4198
163.142581 0008.2 0000 28.174 28.172 36.292 23.312 44 000022 002.3 006.51 00373.1 04 0.0000 000.000 00.000 00.0000 00.00000 24.4624 -081.4198
163.142627 0007.7 0000 28.173 28.171 36.291 23.312 43 000023 002.3 005.71 00390.9 04 0.0000 000.000 00.000 00.0000 00.00000 24.4624 -081.4199
163.142674 0007.3 0000 28.171 28.170 36.290 23.312 45 000024 002.3 006.51 00407.8 04 0.0000 000.000 00.000 00.0000 00.00000 24.4624 -081.4199
163.142720 0007.2 0000 28.169 28.168 36.290 23.313 44 000025 002.3 006.11 00425.2 04 0.0000 000.000 00.000 00.0000 00.00000 24.4624 -081.4199
163.142766 0006.8 0000 28.171 28.170 36.290 23.312 44 000026 002.3 004.72 00442.9 04 0.0000 000.000 00.000 00.0000 00.00000 24.4624 -081.4199
163.142813 0006.7 0000 28.173 28.172 36.290 23.311 44 000027 002.3 005.32 00460.5 04 0.0000 000.000 00.000 00.0000 00.00000 24.4624 -081.4200
163.142859 0006.5 0000 28.176 28.174 36.291 23.311 44 000028 002.3 004.52 00478.3 04 0.0000 000.000 00.000 00.0000 00.00000 24.4624 -081.4200
163.142905 0005.9 0000 28.177 28.176 36.293 23.312 42 000029 002.3 004.52 00496.7 04 0.0000 000.000 00.000 00.0000 00.00000 24.4624 -081.4200
163.142951 0005.0 0000 28.175 28.174 36.293 23.312 44 000030 002.3 006.11 00514.0 04 0.0000 000.000 00.000 00.0000 00.00000 24.4624 -081.4201
163.142998 0005.0 0000 28.170 28.169 36.292 23.313 44 000031 002.3 005.12 00531.7 04 0.0000 000.000 00.000 00.0000 00.00000 24.4624 -081.4201
163.143044 0004.8 0000 28.169 28.168 36.291 23.313 40 000032 002.3 004.72 00550.7 04 0.0000 000.000 00.000 00.0000 00.00000 24.4624 -081.4201
163.143090 0004.0 0000 28.171 28.170 36.291 23.312 42 000033 002.3 005.91 00568.8 04 0.0000 000.000 00.000 00.0000 00.00000 24.4624 -081.4202
163.143137 0004.0 0000 28.171 28.170 36.291 23.312 50 000034 002.3 005.12 00584.4 04 0.0000 000.000 00.000 00.0000 00.00000 24.4624 -081.4202
163.143183 0004.2 0000 28.174 28.173 36.292 23.312 46 000034 002.0 004.72 00584.4 04 0.0000 000.000 00.000 00.0000 00.00000 24.4624 -081.4202
163.143229 0002.8 0000 28.176 28.175 36.293 23.312 37 000036 002.3 006.90 00625.1 04 0.0000 000.000 00.000 00.0000 00.00000 24.4624 -081.4203
