% Tow: 2-ns-n-ed   RVWS/WS15161
% Date: 11/06/2015
% Temperature Probe #  4762    Conductivity Probe #  710
% Pressure Probe #  159    Oxygen Probe #  1234
% Transmissometer #   667    Fluorometer #  2282    Irradiance Probe #  123
% Flow Meter Calibration  4.71 (m/count)  
% time    pres  echo    temp   theta   sal     sigma  angle flow   hzvel    vtvel    vol     net  fluor   ptran    oxygen   Irradcurrent   Irradiance   lat       lon
% 20
163.065602 0002.9 0000 27.185 27.184 00.120 -03.443 46 000003 000.9 -005.42 00056.4 00 0.0000 000.000 00.000 00.0000 00.00000 24.4861 -081.3035
163.065648 0003.2 0000 28.288 28.288 36.298 23.279 51 000004 001.1 -006.01 00074.7 00 0.0000 000.000 00.000 00.0000 00.00000 24.4861 -081.3036
163.065694 0003.2 0000 28.288 28.288 36.278 23.264 52 000005 001.4 -006.01 00092.7 00 0.0000 000.000 00.000 00.0000 00.00000 24.4860 -081.3036
163.065752 0003.1 0000 28.285 28.285 36.312 23.290 51 000006 001.7 -005.82 00110.9 00 0.0000 000.000 00.000 00.0000 00.00000 24.4860 -081.3037
163.065799 0003.1 0000 28.286 28.285 36.315 23.293 47 000006 001.7 -005.82 00110.9 00 0.0000 000.000 00.000 00.0000 00.00000 24.4860 -081.3037
163.065845 0003.3 0000 28.289 28.288 36.341 23.311 49 000007 002.0 -006.21 00129.9 00 0.0000 000.000 00.000 00.0000 00.00000 24.4860 -081.3037
163.065891 0004.3 0000 28.296 28.295 36.344 23.311 51 000008 002.3 -008.00 00148.7 00 0.0000 000.000 00.000 00.0000 00.00000 24.4860 -081.3038
163.065937 0004.8 0000 28.296 28.295 36.344 23.311 54 000009 002.6 -008.99 00166.8 00 0.0000 000.000 00.000 00.0000 00.00000 24.4860 -081.3038
163.065984 0004.8 0000 28.298 28.297 36.346 23.312 51 000009 001.7 -003.57 00166.8 00 0.0000 000.000 00.000 00.0000 00.00000 24.4860 -081.3039
163.066030 0005.5 0000 28.299 28.298 36.346 23.311 52 000010 001.7 -004.36 00184.3 00 0.0000 000.000 00.000 00.0000 00.00000 24.4860 -081.3039
163.066076 0006.0 0000 28.298 28.296 36.345 23.311 50 000010 001.4 -005.16 00184.3 00 0.0000 000.000 00.000 00.0000 00.00000 24.4860 -081.3039
163.066123 0006.2 0000 28.297 28.296 36.349 23.314 52 000011 001.4 -005.75 00202.2 00 0.0000 000.000 00.000 00.0000 00.00000 24.4860 -081.3040
163.066169 0006.8 0000 28.297 28.295 36.349 23.315 50 000012 001.7 -006.94 00221.1 00 0.0000 000.000 00.000 00.0000 00.00000 24.4860 -081.3040
163.066215 0007.3 0000 28.297 28.295 36.350 23.315 51 000013 001.7 -007.53 00239.8 00 0.0000 000.000 00.000 00.0000 00.00000 24.4860 -081.3040
163.066262 0008.1 0000 28.295 28.293 36.349 23.316 52 000013 001.4 -007.14 00239.8 00 0.0000 000.000 00.000 00.0000 00.00000 24.4860 -081.3041
163.066308 0008.2 0000 28.296 28.294 36.350 23.316 51 000013 001.1 -006.35 00239.8 00 0.0000 000.000 00.000 00.0000 00.00000 24.4860 -081.3041
163.066354 0008.1 0000 28.296 28.294 36.351 23.317 46 000013 001.1 -006.15 00239.8 00 0.0000 000.000 00.000 00.0000 00.00000 24.4860 -081.3042
163.066400 0008.5 0000 28.291 28.289 36.351 23.318 50 000013 000.9 -005.55 00239.8 00 0.0000 000.000 00.000 00.0000 00.00000 24.4859 -081.3042
163.066447 0009.1 0000 28.293 28.291 36.350 23.317 50 000013 000.9 -005.95 00239.8 00 0.0000 000.000 00.000 00.0000 00.00000 24.4859 -081.3042
163.066493 0009.3 0000 28.295 28.293 36.351 23.317 49 000013 000.6 -005.95 00239.8 00 0.0000 000.000 00.000 00.0000 00.00000 24.4859 -081.3043
163.066539 0009.8 0000 28.298 28.296 36.351 23.316 51 000013 000.3 -005.56 00239.8 00 0.0000 000.000 00.000 00.0000 00.00000 24.4859 -081.3043
163.066586 0010.0 0000 28.299 28.297 36.353 23.317 50 000013 000.0 -004.96 00239.8 00 0.0000 000.000 00.000 00.0000 00.00000 24.4859 -081.3044
163.066632 0010.5 0000 28.300 28.298 36.354 23.317 50 000013 000.0 -004.57 00239.8 00 0.0000 000.000 00.000 00.0000 00.00000 24.4859 -081.3044
163.066678 0011.0 0000 28.300 28.297 36.355 23.318 52 000013 000.0 -005.36 00239.8 00 0.0000 000.000 00.000 00.0000 00.00000 24.4859 -081.3045
163.066725 0011.5 0000 28.299 28.296 36.356 23.319 49 000014 000.3 -006.35 00258.8 00 0.0000 000.000 00.000 00.0000 00.00000 24.4859 -081.3045
163.066771 0011.5 0000 28.299 28.296 36.357 23.320 50 000014 000.3 -005.56 00258.8 00 0.0000 000.000 00.000 00.0000 00.00000 24.4859 -081.3045
163.066817 0012.0 0000 28.299 28.296 36.356 23.319 50 000014 000.3 -005.36 00258.8 00 0.0000 000.000 00.000 00.0000 00.00000 24.4859 -081.3046
163.066863 0012.2 0000 28.299 28.296 36.357 23.320 51 000014 000.3 -005.36 00258.8 00 0.0000 000.000 00.000 00.0000 00.00000 24.4859 -081.3046
163.066910 0012.7 0000 28.298 28.295 36.357 23.321 51 000014 000.3 -005.56 00258.8 00 0.0000 000.000 00.000 00.0000 00.00000 24.4858 -081.3046
163.066956 0013.1 0000 28.298 28.295 36.356 23.320 50 000014 000.3 -005.76 00258.8 00 0.0000 000.000 00.000 00.0000 00.00000 24.4858 -081.3047
163.067002 0013.8 0000 28.298 28.294 36.356 23.320 52 000014 000.3 -006.16 00258.8 00 0.0000 000.000 00.000 00.0000 00.00000 24.4858 -081.3047
163.067049 0014.1 0000 28.298 28.294 36.359 23.322 49 000014 000.3 -005.76 00258.8 00 0.0000 000.000 00.000 00.0000 00.00000 24.4858 -081.3048
163.067095 0014.2 0000 28.298 28.295 36.361 23.324 48 000014 000.0 -005.17 00258.8 00 0.0000 000.000 00.000 00.0000 00.00000 24.4858 -081.3048
163.067141 0014.8 0000 28.300 28.297 36.360 23.322 50 000014 000.0 -006.35 00258.8 00 0.0000 000.000 00.000 00.0000 00.00000 24.4858 -081.3048
163.067187 0015.4 0000 28.301 28.297 36.360 23.322 49 000014 000.0 -006.35 00258.8 00 0.0000 000.000 00.000 00.0000 00.00000 24.4858 -081.3049
163.067234 0015.7 0000 28.300 28.296 36.361 23.323 50 000014 000.0 -006.55 00258.8 00 0.0000 000.000 00.000 00.0000 00.00000 24.4858 -081.3049
163.067280 0016.0 0000 28.300 28.296 36.362 23.324 50 000014 000.0 -006.16 00258.8 00 0.0000 000.000 00.000 00.0000 00.00000 24.4858 -081.3050
163.067326 0016.2 0000 28.300 28.296 36.362 23.324 49 000014 000.0 -005.96 00258.8 00 0.0000 000.000 00.000 00.0000 00.00000 24.4858 -081.3050
163.067373 0016.2 0000 28.298 28.294 36.363 23.326 47 000014 000.0 -004.57 00258.8 00 0.0000 000.000 00.000 00.0000 00.00000 24.4858 -081.3050
163.067419 0015.8 0000 28.299 28.295 36.363 23.325 49 000014 000.0 -003.18 00258.8 00 0.0000 000.000 00.000 00.0000 00.00000 24.4858 -081.3051
163.067465 0016.2 0000 28.297 28.293 36.364 23.327 50 000014 000.0 -003.78 00258.8 00 0.0000 000.000 00.000 00.0000 00.00000 24.4858 -081.3051
163.067512 0016.9 0000 28.295 28.291 36.365 23.328 50 000014 000.0 -003.78 00258.8 00 0.0000 000.000 00.000 00.0000 00.00000 24.4858 -081.3052
163.067558 0017.1 0000 28.294 28.290 36.365 23.328 50 000014 000.0 -003.18 00258.8 00 0.0000 000.000 00.000 00.0000 00.00000 24.4857 -081.3052
163.067604 0017.5 0000 28.295 28.291 36.364 23.327 51 000014 000.0 -003.38 00258.8 00 0.0000 000.000 00.000 00.0000 00.00000 24.4857 -081.3052
163.067650 0018.0 0000 28.292 28.288 36.367 23.330 50 000014 000.0 -003.78 00258.8 00 0.0000 000.000 00.000 00.0000 00.00000 24.4857 -081.3053
163.067697 0018.5 0000 28.291 28.286 36.368 23.332 52 000014 000.0 -004.17 00258.8 00 0.0000 000.000 00.000 00.0000 00.00000 24.4857 -081.3053
163.067743 0018.8 0000 28.284 28.280 36.369 23.335 49 000014 000.0 -004.77 00258.8 00 0.0000 000.000 00.000 00.0000 00.00000 24.4857 -081.3054
163.067789 0018.9 0000 28.269 28.264 36.371 23.341 50 000014 000.0 -005.76 00258.8 00 0.0000 000.000 00.000 00.0000 00.00000 24.4857 -081.3054
163.067836 0019.7 0000 28.264 28.260 36.371 23.343 51 000014 000.0 -006.55 00258.8 00 0.0000 000.000 00.000 00.0000 00.00000 24.4857 -081.3055
163.067882 0020.1 0000 28.265 28.260 36.372 23.343 49 000014 000.0 -006.16 00258.8 00 0.0000 000.000 00.000 00.0000 00.00000 24.4857 -081.3055
163.067928 0019.9 0000 28.262 28.257 36.371 23.344 48 000014 000.0 -005.36 00258.8 00 0.0000 000.000 00.000 00.0000 00.00000 24.4857 -081.3055
163.067975 0020.5 0000 28.251 28.246 36.370 23.347 53 000014 000.0 -005.56 00258.8 00 0.0000 000.000 00.000 00.0000 00.00000 24.4857 -081.3056
163.068021 0020.8 0000 28.246 28.241 36.375 23.352 51 000014 000.0 -005.17 00258.8 00 0.0000 000.000 00.000 00.0000 00.00000 24.4857 -081.3056
163.068067 0021.5 0000 28.244 28.239 36.375 23.353 52 000014 000.0 -005.76 00258.8 00 0.0000 000.000 00.000 00.0000 00.00000 24.4857 -081.3056
163.068113 0022.0 0000 28.241 28.235 36.377 23.355 52 000014 000.0 -005.96 00258.8 00 0.0000 000.000 00.000 00.0000 00.00000 24.4856 -081.3057
163.068160 0022.6 0000 28.230 28.225 36.374 23.356 51 000014 000.0 -006.95 00258.8 00 0.0000 000.000 00.000 00.0000 00.00000 24.4856 -081.3057
163.068206 0022.7 0000 28.213 28.208 36.377 23.364 50 000014 000.0 -005.56 00258.8 00 0.0000 000.000 00.000 00.0000 00.00000 24.4856 -081.3058
163.068252 0022.8 0000 28.219 28.213 36.378 23.363 51 000014 000.0 -004.97 00258.8 00 0.0000 000.000 00.000 00.0000 00.00000 24.4856 -081.3058
163.068299 0023.6 0000 28.214 28.209 36.378 23.365 50 000014 000.0 -006.95 00258.8 00 0.0000 000.000 00.000 00.0000 00.00000 24.4856 -081.3059
163.068345 0023.6 0000 28.206 28.200 36.378 23.368 51 000014 000.0 -005.96 00258.8 00 0.0000 000.000 00.000 00.0000 00.00000 24.4856 -081.3059
163.068391 0024.3 0000 28.199 28.193 36.378 23.370 50 000014 000.0 -006.55 00258.8 00 0.0000 000.000 00.000 00.0000 00.00000 24.4856 -081.3059
163.068438 0024.9 0000 28.187 28.181 36.379 23.374 51 000014 000.0 -006.35 00258.8 00 0.0000 000.000 00.000 00.0000 00.00000 24.4856 -081.3060
163.068484 0024.7 0000 28.178 28.172 36.376 23.375 47 000014 000.0 -005.16 00258.8 00 0.0000 000.000 00.000 00.0000 00.00000 24.4856 -081.3060
163.068530 0024.9 0000 28.154 28.148 36.376 23.384 52 000014 000.0 -004.37 00258.8 00 0.0000 000.000 00.000 00.0000 00.00000 24.4856 -081.3061
163.068576 0025.4 0000 28.160 28.154 36.377 23.382 51 000014 000.0 -005.17 00258.8 00 0.0000 000.000 00.000 00.0000 00.00000 24.4856 -081.3061
163.068623 0025.8 0000 28.154 28.148 36.377 23.384 50 000014 000.0 -005.56 00258.8 00 0.0000 000.000 00.000 00.0000 00.00000 24.4856 -081.3061
163.068669 0025.8 0000 28.149 28.143 36.374 23.383 51 000014 000.0 -003.98 00258.8 00 0.0000 000.000 00.000 00.0000 00.00000 24.4856 -081.3062
163.068715 0026.7 0000 28.150 28.143 36.376 23.385 52 000014 000.0 -005.76 00258.8 00 0.0000 000.000 00.000 00.0000 00.00000 24.4856 -081.3062
163.068762 0026.8 0000 28.143 28.137 36.379 23.389 50 000014 000.0 -004.77 00258.8 00 0.0000 000.000 00.000 00.0000 00.00000 24.4856 -081.3063
163.068808 0026.9 0000 28.136 28.129 36.378 23.391 51 000014 000.0 -003.78 00258.8 00 0.0000 000.000 00.000 00.0000 00.00000 24.4855 -081.3063
163.068854 0027.4 0000 28.128 28.122 36.377 23.393 53 000014 000.0 -004.97 00258.8 00 0.0000 000.000 00.000 00.0000 00.00000 24.4855 -081.3064
163.068900 0028.0 0000 28.120 28.114 36.379 23.397 51 000014 000.0 -005.76 00258.8 00 0.0000 000.000 00.000 00.0000 00.00000 24.4855 -081.3064
163.068947 0028.2 0000 28.110 28.104 36.378 23.400 50 000014 000.0 -005.17 00258.8 00 0.0000 000.000 00.000 00.0000 00.00000 24.4855 -081.3064
163.069005 0028.5 0000 28.097 28.090 36.376 23.403 52 000014 000.0 -005.17 00258.8 00 0.0000 000.000 00.000 00.0000 00.00000 24.4855 -081.3065
163.069051 0029.0 0000 28.055 28.048 36.366 23.409 53 000014 000.0 -006.16 00258.8 00 0.0000 000.000 00.000 00.0000 00.00000 24.4855 -081.3065
163.069097 0029.6 0000 28.032 28.025 36.365 23.416 52 000014 000.0 -005.36 00258.8 00 0.0000 000.000 00.000 00.0000 00.00000 24.4855 -081.3065
163.069144 0030.3 0000 28.015 28.008 36.367 23.423 52 000014 000.0 -006.55 00258.8 00 0.0000 000.000 00.000 00.0000 00.00000 24.4855 -081.3066
163.069190 0030.3 0000 27.994 27.987 36.366 23.429 49 000014 000.0 -006.35 00258.8 00 0.0000 000.000 00.000 00.0000 00.00000 24.4855 -081.3066
163.069236 0030.7 0000 27.967 27.960 36.359 23.432 52 000014 000.0 -006.35 00258.8 00 0.0000 000.000 00.000 00.0000 00.00000 24.4855 -081.3067
163.069282 0031.3 0000 27.941 27.934 36.359 23.441 51 000014 000.0 -006.16 00258.8 00 0.0000 000.000 00.000 00.0000 00.00000 24.4855 -081.3067
163.069329 0031.7 0000 27.925 27.918 36.365 23.451 53 000014 000.0 -006.55 00258.8 00 0.0000 000.000 00.000 00.0000 00.00000 24.4855 -081.3068
163.069375 0032.3 0000 27.916 27.908 36.373 23.460 53 000014 000.0 -007.15 00258.8 00 0.0000 000.000 00.000 00.0000 00.00000 24.4855 -081.3068
163.069421 0033.0 0000 27.899 27.891 36.369 23.462 51 000014 000.0 -007.34 00258.8 00 0.0000 000.000 00.000 00.0000 00.00000 24.4854 -081.3068
163.069468 0033.5 0000 27.875 27.867 36.362 23.465 52 000014 000.0 -007.35 00258.8 00 0.0000 000.000 00.000 00.0000 00.00000 24.4854 -081.3069
163.069514 0034.0 0000 27.850 27.842 36.349 23.463 50 000014 000.0 -006.95 00258.8 00 0.0000 000.000 00.000 00.0000 00.00000 24.4854 -081.3069
163.069560 0034.7 0000 27.775 27.767 36.357 23.494 52 000014 000.0 -008.13 00258.8 00 0.0000 000.000 00.000 00.0000 00.00000 24.4854 -081.3069
163.069606 0034.9 0000 27.760 27.752 36.380 23.516 50 000014 000.0 -007.74 00258.8 00 0.0000 000.000 00.000 00.0000 00.00000 24.4854 -081.3070
163.069653 0035.4 0000 27.774 27.766 36.408 23.533 52 000014 000.0 -007.73 00258.8 00 0.0000 000.000 00.000 00.0000 00.00000 24.4854 -081.3070
163.069699 0036.0 0000 27.814 27.806 36.417 23.526 48 000014 000.0 -008.13 00258.8 00 0.0000 000.000 00.000 00.0000 00.00000 24.4854 -081.3071
163.069745 0036.1 0000 27.849 27.840 36.428 23.523 50 000014 000.0 -007.14 00258.8 00 0.0000 000.000 00.000 00.0000 00.00000 24.4854 -081.3071
163.069792 0036.9 0000 27.929 27.921 36.482 23.538 51 000014 000.0 -007.35 00258.8 00 0.0000 000.000 00.000 00.0000 00.00000 24.4854 -081.3071
163.069838 0037.5 0000 28.018 28.009 36.516 23.535 51 000014 000.0 -007.54 00258.8 00 0.0000 000.000 00.000 00.0000 00.00000 24.4854 -081.3072
163.069884 0037.5 0000 28.108 28.099 36.554 23.533 48 000014 000.0 -006.55 00258.8 00 0.0000 000.000 00.000 00.0000 00.00000 24.4853 -081.3072
163.069931 0038.0 0000 28.195 28.186 36.634 23.565 52 000014 000.0 -006.35 00258.8 00 0.0000 000.000 00.000 00.0000 00.00000 24.4853 -081.3072
163.069977 0039.0 0000 28.287 28.278 36.668 23.561 51 000014 000.0 -007.74 00258.8 00 0.0000 000.000 00.000 00.0000 00.00000 24.4853 -081.3073
163.070023 0039.2 0000 28.347 28.338 36.644 23.522 51 000014 000.0 -007.15 00258.8 00 0.0000 000.000 00.000 00.0000 00.00000 24.4853 -081.3073
163.070069 0039.6 0000 28.357 28.348 36.690 23.554 51 000014 000.0 -006.75 00258.8 00 0.0000 000.000 00.000 00.0000 00.00000 24.4853 -081.3074
163.070116 0040.2 0000 28.381 28.371 36.691 23.547 51 000014 000.0 -007.54 00258.8 00 0.0000 000.000 00.000 00.0000 00.00000 24.4853 -081.3074
163.070162 0040.8 0000 28.359 28.349 36.689 23.552 48 000014 000.0 -007.34 00258.8 00 0.0000 000.000 00.000 00.0000 00.00000 24.4853 -081.3075
163.070208 0041.3 0000 28.341 28.331 36.687 23.557 47 000014 000.0 -007.14 00258.8 00 0.0000 000.000 00.000 00.0000 00.00000 24.4852 -081.3075
163.070255 0041.5 0000 28.304 28.294 36.672 23.558 49 000014 000.0 -007.54 00258.8 00 0.0000 000.000 00.000 00.0000 00.00000 24.4852 -081.3075
163.070301 0042.0 0000 28.263 28.253 36.670 23.570 49 000014 000.0 -007.34 00258.8 00 0.0000 000.000 00.000 00.0000 00.00000 24.4852 -081.3076
163.070347 0042.1 0000 28.246 28.236 36.668 23.574 48 000014 000.0 -005.76 00258.8 00 0.0000 000.000 00.000 00.0000 00.00000 24.4852 -081.3076
163.070394 0042.8 0000 28.235 28.225 36.692 23.596 50 000014 000.0 -006.74 00258.8 00 0.0000 000.000 00.000 00.0000 00.00000 24.4852 -081.3077
163.070440 0043.1 0000 28.266 28.255 36.714 23.602 49 000014 000.0 -006.55 00258.8 00 0.0000 000.000 00.000 00.0000 00.00000 24.4852 -081.3077
163.070486 0043.7 0000 28.280 28.269 36.721 23.603 51 000014 000.0 -006.55 00258.8 00 0.0000 000.000 00.000 00.0000 00.00000 24.4852 -081.3077
163.070532 0044.2 0000 28.290 28.279 36.738 23.612 49 000014 000.0 -006.35 00258.8 00 0.0000 000.000 00.000 00.0000 00.00000 24.4852 -081.3078
163.070579 0044.3 0000 28.249 28.239 36.738 23.626 50 000014 000.0 -005.56 00258.8 00 0.0000 000.000 00.000 00.0000 00.00000 24.4852 -081.3078
163.070625 0044.8 0000 28.217 28.207 36.724 23.626 51 000014 000.0 -006.15 00258.8 00 0.0000 000.000 00.000 00.0000 00.00000 24.4852 -081.3079
163.070671 0045.5 0000 28.167 28.156 36.681 23.610 49 000014 000.0 -006.55 00258.8 00 0.0000 000.000 00.000 00.0000 00.00000 24.4852 -081.3079
163.070718 0045.3 0000 27.959 27.948 36.673 23.672 48 000014 000.0 -006.15 00258.8 00 0.0000 000.000 00.000 00.0000 00.00000 24.4851 -081.3079
163.070764 0045.9 0000 27.946 27.935 36.531 23.570 51 000014 000.0 -005.76 00258.8 00 0.0000 000.000 00.000 00.0000 00.00000 24.4851 -081.3080
163.070810 0046.6 0000 27.729 27.719 36.529 23.639 48 000014 000.0 -006.55 00258.8 00 0.0000 000.000 00.000 00.0000 00.00000 24.4851 -081.3080
163.070856 0046.8 0000 27.559 27.548 36.527 23.694 50 000014 000.0 -005.95 00258.8 00 0.0000 000.000 00.000 00.0000 00.00000 24.4851 -081.3080
163.070903 0047.5 0000 27.228 27.217 36.441 23.735 50 000014 000.0 -006.15 00258.8 00 0.0000 000.000 00.000 00.0000 00.00000 24.4851 -081.3081
163.070949 0047.4 0000 26.940 26.929 36.385 23.786 51 000014 000.0 -005.76 00258.8 00 0.0000 000.000 00.000 00.0000 00.00000 24.4851 -081.3081
163.070995 0047.7 0000 26.731 26.720 36.332 23.813 48 000014 000.0 -005.36 00258.8 00 0.0000 000.000 00.000 00.0000 00.00000 24.4851 -081.3082
163.071042 0048.2 0000 26.624 26.614 36.391 23.891 48 000014 000.0 -005.16 00258.8 00 0.0000 000.000 00.000 00.0000 00.00000 24.4851 -081.3082
163.071088 0048.3 0000 26.478 26.467 36.396 23.942 47 000014 000.0 -005.56 00258.8 00 0.0000 000.000 00.000 00.0000 00.00000 24.4851 -081.3083
163.071134 0048.8 0000 26.281 26.270 36.323 23.949 48 000014 000.0 -005.56 00258.8 00 0.0000 000.000 00.000 00.0000 00.00000 24.4850 -081.3083
163.071181 0049.2 0000 26.190 26.179 36.331 23.984 48 000014 000.0 -004.77 00258.8 00 0.0000 000.000 00.000 00.0000 00.00000 24.4850 -081.3083
163.071227 0049.7 0000 26.110 26.099 36.343 24.018 47 000014 000.0 -005.36 00258.8 00 0.0000 000.000 00.000 00.0000 00.00000 24.4850 -081.3084
163.071273 0049.7 0000 26.043 26.032 36.355 24.048 47 000014 000.0 -004.17 00258.8 00 0.0000 000.000 00.000 00.0000 00.00000 24.4850 -081.3084
163.071319 0049.9 0000 25.992 25.981 36.327 24.043 45 000014 000.0 -004.76 00258.8 00 0.0000 000.000 00.000 00.0000 00.00000 24.4850 -081.3084
163.071366 0050.0 0000 25.918 25.907 36.339 24.075 48 000014 000.0 -004.36 00258.8 00 0.0000 000.000 00.000 00.0000 00.00000 24.4850 -081.3085
163.071412 0050.8 0000 25.848 25.837 36.323 24.085 48 000014 000.0 -004.96 00258.8 00 0.0000 000.000 00.000 00.0000 00.00000 24.4850 -081.3085
163.071458 0051.1 0000 25.788 25.776 36.349 24.124 49 000014 000.0 -005.16 00258.8 00 0.0000 000.000 00.000 00.0000 00.00000 24.4850 -081.3086
163.071505 0051.5 0000 25.710 25.699 36.324 24.129 49 000014 000.0 -004.95 00258.8 00 0.0000 000.000 00.000 00.0000 00.00000 24.4850 -081.3086
163.071551 0052.2 0000 25.654 25.642 36.321 24.144 50 000014 000.0 -005.75 00258.8 00 0.0000 000.000 00.000 00.0000 00.00000 24.4850 -081.3086
163.071597 0052.4 0000 25.627 25.615 36.338 24.165 51 000014 000.0 -005.15 00258.8 00 0.0000 000.000 00.000 00.0000 00.00000 24.4850 -081.3087
163.071644 0053.1 0000 25.554 25.543 36.351 24.197 49 000014 000.0 -006.34 00258.8 00 0.0000 000.000 00.000 00.0000 00.00000 24.4850 -081.3087
163.071690 0053.4 0000 25.469 25.457 36.338 24.214 53 000014 000.0 -006.54 00258.8 00 0.0000 000.000 00.000 00.0000 00.00000 24.4849 -081.3087
163.071736 0054.1 0000 25.402 25.390 36.343 24.238 50 000014 000.0 -007.73 00258.8 00 0.0000 000.000 00.000 00.0000 00.00000 24.4849 -081.3088
163.071782 0054.4 0000 25.356 25.344 36.342 24.252 48 000014 000.0 -006.73 00258.8 00 0.0000 000.000 00.000 00.0000 00.00000 24.4849 -081.3088
163.071829 0054.9 0000 25.293 25.281 36.317 24.253 48 000014 000.0 -007.13 00258.8 00 0.0000 000.000 00.000 00.0000 00.00000 24.4849 -081.3089
163.071875 0055.5 0000 25.189 25.177 36.346 24.307 50 000014 000.0 -007.52 00258.8 00 0.0000 000.000 00.000 00.0000 00.00000 24.4849 -081.3089
163.071921 0055.9 0000 25.107 25.095 36.334 24.322 50 000014 000.0 -006.92 00258.8 00 0.0000 000.000 00.000 00.0000 00.00000 24.4849 -081.3089
163.071968 0056.7 0000 25.028 25.016 36.355 24.363 49 000014 000.0 -007.91 00258.8 00 0.0000 000.000 00.000 00.0000 00.00000 24.4849 -081.3090
163.072014 0057.4 0000 24.937 24.925 36.358 24.393 49 000014 000.0 -008.11 00258.8 00 0.0000 000.000 00.000 00.0000 00.00000 24.4849 -081.3090
163.072060 0057.7 0000 24.893 24.880 36.356 24.405 47 000014 000.0 -008.11 00258.8 00 0.0000 000.000 00.000 00.0000 00.00000 24.4848 -081.3090
163.072106 0058.0 0000 24.849 24.836 36.353 24.416 47 000014 000.0 -007.32 00258.8 00 0.0000 000.000 00.000 00.0000 00.00000 24.4848 -081.3091
163.072153 0058.7 0000 24.818 24.805 36.372 24.440 48 000014 000.0 -007.91 00258.8 00 0.0000 000.000 00.000 00.0000 00.00000 24.4848 -081.3091
163.072199 0059.0 0000 24.728 24.715 36.360 24.458 49 000014 000.0 -007.71 00258.8 00 0.0000 000.000 00.000 00.0000 00.00000 24.4848 -081.3092
163.072257 0059.2 0000 24.610 24.597 36.368 24.500 50 000014 000.0 -006.92 00258.8 00 0.0000 000.000 00.000 00.0000 00.00000 24.4848 -081.3092
163.072303 0059.5 0000 24.538 24.525 36.372 24.525 50 000014 000.0 -006.72 00258.8 00 0.0000 000.000 00.000 00.0000 00.00000 24.4848 -081.3092
163.072350 0060.2 0000 24.501 24.488 36.372 24.536 50 000014 000.0 -006.72 00258.8 00 0.0000 000.000 00.000 00.0000 00.00000 24.4848 -081.3093
163.072396 0060.2 0000 24.476 24.463 36.379 24.549 47 000014 000.0 -005.33 00258.8 00 0.0000 000.000 00.000 00.0000 00.00000 24.4848 -081.3093
163.072442 0060.8 0000 24.464 24.451 36.378 24.551 48 000014 000.0 -005.72 00258.8 00 0.0000 000.000 00.000 00.0000 00.00000 24.4848 -081.3094
163.072488 0060.9 0000 24.460 24.447 36.377 24.552 48 000014 000.0 -005.33 00258.8 00 0.0000 000.000 00.000 00.0000 00.00000 24.4847 -081.3094
163.072535 0061.4 0000 24.458 24.444 36.379 24.554 47 000014 000.0 -005.13 00258.8 00 0.0000 000.000 00.000 00.0000 00.00000 24.4847 -081.3094
163.072581 0061.4 0000 24.455 24.442 36.380 24.556 47 000014 000.0 -004.53 00258.8 00 0.0000 000.000 00.000 00.0000 00.00000 24.4847 -081.3095
163.072627 0062.0 0000 24.453 24.440 36.383 24.559 48 000014 000.0 -005.32 00258.8 00 0.0000 000.000 00.000 00.0000 00.00000 24.4847 -081.3095
163.072674 0062.5 0000 24.450 24.436 36.383 24.560 47 000014 000.0 -005.71 00258.8 00 0.0000 000.000 00.000 00.0000 00.00000 24.4847 -081.3096
163.072720 0062.5 0000 24.449 24.435 36.380 24.558 48 000014 000.0 -004.33 00258.8 00 0.0000 000.000 00.000 00.0000 00.00000 24.4847 -081.3096
163.072766 0063.3 0000 24.450 24.436 36.375 24.554 47 000014 000.0 -005.71 00258.8 00 0.0000 000.000 00.000 00.0000 00.00000 24.4847 -081.3096
163.072812 0063.2 0000 24.450 24.437 36.374 24.553 48 000014 000.0 -004.52 00258.8 00 0.0000 000.000 00.000 00.0000 00.00000 24.4847 -081.3097
163.072859 0063.5 0000 24.436 24.422 36.378 24.560 47 000014 000.0 -004.92 00258.8 00 0.0000 000.000 00.000 00.0000 00.00000 24.4847 -081.3097
163.072905 0064.0 0000 24.406 24.392 36.379 24.570 50 000014 000.0 -004.92 00258.8 00 0.0000 000.000 00.000 00.0000 00.00000 24.4846 -081.3098
163.072951 0064.5 0000 24.294 24.281 36.364 24.592 49 000014 000.0 -005.91 00258.8 00 0.0000 000.000 00.000 00.0000 00.00000 24.4846 -081.3098
163.072998 0065.0 0000 24.124 24.110 36.372 24.649 48 000014 000.0 -005.51 00258.8 00 0.0000 000.000 00.000 00.0000 00.00000 24.4846 -081.3098
163.073044 0065.7 0000 23.985 23.971 36.436 24.739 49 000014 000.0 -005.91 00258.8 00 0.0000 000.000 00.000 00.0000 00.00000 24.4846 -081.3099
163.073090 0066.4 0000 23.878 23.864 36.424 24.763 48 000014 000.0 -007.29 00258.8 00 0.0000 000.000 00.000 00.0000 00.00000 24.4846 -081.3099
163.073137 0066.9 0000 23.716 23.702 36.399 24.791 48 000014 000.0 -006.70 00258.8 00 0.0000 000.000 00.000 00.0000 00.00000 24.4846 -081.3099
163.073183 0067.4 0000 23.552 23.538 36.423 24.858 47 000014 000.0 -007.88 00258.8 00 0.0000 000.000 00.000 00.0000 00.00000 24.4846 -081.3100
163.073229 0067.7 0000 23.496 23.482 36.432 24.881 47 000014 000.0 -007.88 00258.8 00 0.0000 000.000 00.000 00.0000 00.00000 24.4846 -081.3100
163.073275 0068.4 0000 23.477 23.463 36.459 24.907 48 000014 000.0 -008.28 00258.8 00 0.0000 000.000 00.000 00.0000 00.00000 24.4846 -081.3101
163.073322 0069.1 0000 23.379 23.365 36.412 24.900 48 000014 000.0 -008.47 00258.8 00 0.0000 000.000 00.000 00.0000 00.00000 24.4846 -081.3101
163.073368 0069.8 0000 23.292 23.278 36.430 24.939 49 000014 000.0 -009.07 00258.8 00 0.0000 000.000 00.000 00.0000 00.00000 24.4846 -081.3101
163.073414 0070.4 0000 23.125 23.110 36.438 24.994 47 000014 000.0 -008.87 00258.8 00 0.0000 000.000 00.000 00.0000 00.00000 24.4846 -081.3102
163.073461 0071.0 0000 23.030 23.015 36.464 25.042 48 000014 000.0 -008.47 00258.8 00 0.0000 000.000 00.000 00.0000 00.00000 24.4845 -081.3102
163.073507 0071.2 0000 22.940 22.925 36.463 25.067 47 000014 000.0 -008.08 00258.8 00 0.0000 000.000 00.000 00.0000 00.00000 24.4845 -081.3103
163.073553 0071.9 0000 22.900 22.885 36.504 25.110 47 000014 000.0 -008.47 00258.8 00 0.0000 000.000 00.000 00.0000 00.00000 24.4845 -081.3103
163.073600 0072.6 0000 22.779 22.764 36.434 25.091 47 000014 000.0 -009.27 00258.8 00 0.0000 000.000 00.000 00.0000 00.00000 24.4845 -081.3103
163.073646 0073.2 0000 22.672 22.657 36.477 25.155 46 000014 000.0 -008.87 00258.8 00 0.0000 000.000 00.000 00.0000 00.00000 24.4845 -081.3104
163.073692 0073.3 0000 22.614 22.599 36.468 25.165 46 000014 000.0 -007.88 00258.8 00 0.0000 000.000 00.000 00.0000 00.00000 24.4845 -081.3104
163.073738 0074.2 0000 22.496 22.481 36.428 25.168 47 000014 000.0 -008.27 00258.8 00 0.0000 000.000 00.000 00.0000 00.00000 24.4845 -081.3105
163.073785 0074.5 0000 22.335 22.320 36.448 25.229 45 000014 000.0 -007.67 00258.8 00 0.0000 000.000 00.000 00.0000 00.00000 24.4845 -081.3105
163.073831 0074.9 0000 22.108 22.093 36.455 25.299 48 000014 000.0 -007.48 00258.8 00 0.0000 000.000 00.000 00.0000 00.00000 24.4844 -081.3105
163.073877 0075.8 0000 21.905 21.890 36.416 25.327 48 000014 000.0 -008.66 00258.8 00 0.0000 000.000 00.000 00.0000 00.00000 24.4844 -081.3106
163.073924 0076.7 0000 21.749 21.734 36.450 25.396 47 000014 000.0 -009.06 00258.8 00 0.0000 000.000 00.000 00.0000 00.00000 24.4844 -081.3106
163.073970 0076.8 0000 21.627 21.612 36.456 25.435 46 000014 000.0 -007.87 00258.8 00 0.0000 000.000 00.000 00.0000 00.00000 24.4844 -081.3106
163.074016 0077.5 0000 21.567 21.552 36.442 25.441 46 000014 000.0 -008.06 00258.8 00 0.0000 000.000 00.000 00.0000 00.00000 24.4844 -081.3107
163.074063 0078.3 0000 21.469 21.454 36.421 25.452 46 000014 000.0 -009.45 00258.8 00 0.0000 000.000 00.000 00.0000 00.00000 24.4844 -081.3107
163.074109 0078.9 0000 21.321 21.305 36.472 25.533 47 000014 000.0 -008.85 00258.8 00 0.0000 000.000 00.000 00.0000 00.00000 24.4844 -081.3108
163.074155 0079.5 0000 21.222 21.206 36.456 25.548 46 000014 000.0 -009.25 00258.8 00 0.0000 000.000 00.000 00.0000 00.00000 24.4844 -081.3108
163.074201 0079.8 0000 21.144 21.128 36.478 25.586 46 000014 000.0 -009.05 00258.8 00 0.0000 000.000 00.000 00.0000 00.00000 24.4844 -081.3108
163.074248 0080.0 0000 21.066 21.051 36.446 25.583 45 000014 000.0 -007.86 00258.8 00 0.0000 000.000 00.000 00.0000 00.00000 24.4843 -081.3109
163.074294 0080.4 0000 20.895 20.880 36.454 25.635 47 000014 000.0 -006.86 00258.8 00 0.0000 000.000 00.000 00.0000 00.00000 24.4843 -081.3109
163.074340 0080.5 0000 20.852 20.836 36.461 25.653 44 000014 000.0 -006.86 00258.8 00 0.0000 000.000 00.000 00.0000 00.00000 24.4843 -081.3109
163.074387 0081.0 0000 20.843 20.828 36.458 25.653 44 000014 000.0 -006.67 00258.8 00 0.0000 000.000 00.000 00.0000 00.00000 24.4843 -081.3110
163.074433 0080.5 0000 20.845 20.829 36.462 25.655 43 000014 000.0 -004.08 00258.8 00 0.0000 000.000 00.000 00.0000 00.00000 24.4843 -081.3110
163.074479 0080.3 0000 20.850 20.834 36.455 25.649 46 000014 000.0 -002.49 00258.8 00 0.0000 000.000 00.000 00.0000 00.00000 24.4843 -081.3111
163.074525 0080.7 0000 20.856 20.841 36.456 25.647 46 000014 000.0 -002.30 00258.8 00 0.0000 000.000 00.000 00.0000 00.00000 24.4843 -081.3111
163.074572 0080.7 0000 20.863 20.848 36.456 25.646 46 000014 000.0 -001.70 00258.8 00 0.0000 000.000 00.000 00.0000 00.00000 24.4843 -081.3111
163.074618 0080.8 0000 20.867 20.851 36.453 25.642 45 000014 000.0 -001.50 00258.8 00 0.0000 000.000 00.000 00.0000 00.00000 24.4843 -081.3112
163.074664 0080.5 0000 20.867 20.851 36.457 25.645 44 000014 000.0 -000.11 00258.8 00 0.0000 000.000 00.000 00.0000 00.00000 24.4842 -081.3112
163.074711 0080.6 0000 20.865 20.849 36.454 25.644 46 000014 000.0 -000.11 00258.8 00 0.0000 000.000 00.000 00.0000 00.00000 24.4842 -081.3113
163.074757 0080.8 0000 20.858 20.843 36.455 25.646 46 000014 000.0 000.49 00258.8 00 0.0000 000.000 00.000 00.0000 00.00000 24.4842 -081.3113
163.074803 0080.6 0000 20.858 20.843 36.456 25.647 46 000014 000.0 -000.31 00258.8 00 0.0000 000.000 00.000 00.0000 00.00000 24.4842 -081.3113
163.074850 0080.8 0000 20.860 20.845 36.452 25.643 44 000000 000.0 -001.10 00000.0 01 0.0000 000.000 00.000 00.0000 00.00000 24.4842 -081.3114
163.074896 0080.5 0000 20.867 20.852 36.454 25.643 43 000000 000.0 000.29 00000.0 01 0.0000 000.000 00.000 00.0000 00.00000 24.4842 -081.3114
163.074942 0080.8 0000 20.888 20.873 36.449 25.634 45 000000 000.0 -000.31 00000.0 01 0.0000 000.000 00.000 00.0000 00.00000 24.4842 -081.3114
163.074988 0081.4 0000 20.864 20.848 36.451 25.642 47 000000 000.0 -001.09 00000.0 01 0.0000 000.000 00.000 00.0000 00.00000 24.4842 -081.3115
163.075035 0081.5 0000 20.851 20.835 36.449 25.644 46 000000 000.0 -001.89 00000.0 01 0.0000 000.000 00.000 00.0000 00.00000 24.4842 -081.3115
163.075081 0081.5 0000 20.841 20.826 36.448 25.646 46 000000 000.0 -001.68 00000.0 01 0.0000 000.000 00.000 00.0000 00.00000 24.4842 -081.3115
163.075127 0082.0 0000 20.829 20.813 36.447 25.649 47 000000 000.0 -002.28 00000.0 01 0.0000 000.000 00.000 00.0000 00.00000 24.4841 -081.3116
163.075174 0081.8 0000 20.796 20.780 36.442 25.653 46 000000 000.0 -002.08 00000.0 01 0.0000 000.000 00.000 00.0000 00.00000 24.4841 -081.3116
163.075220 0082.1 0000 20.771 20.755 36.444 25.662 50 000000 000.0 -002.28 00000.0 01 0.0000 000.000 00.000 00.0000 00.00000 24.4841 -081.3117
163.075266 0082.2 0000 20.731 20.715 36.453 25.680 50 000000 000.0 -003.07 00000.0 01 0.0000 000.000 00.000 00.0000 00.00000 24.4841 -081.3117
163.075313 0082.0 0000 20.688 20.672 36.467 25.702 48 000000 000.0 -002.27 00000.0 01 0.0000 000.000 00.000 00.0000 00.00000 24.4841 -081.3117
163.075359 0082.4 0000 20.682 20.666 36.438 25.681 45 000000 000.0 -001.88 00000.0 01 0.0000 000.000 00.000 00.0000 00.00000 24.4841 -081.3118
163.075405 0081.8 0000 20.668 20.652 36.449 25.694 43 000000 000.0 -000.69 00000.0 01 0.0000 000.000 00.000 00.0000 00.00000 24.4841 -081.3118
163.075451 0081.8 0000 20.693 20.677 36.434 25.676 44 000000 000.0 -000.69 00000.0 01 0.0000 000.000 00.000 00.0000 00.00000 24.4841 -081.3118
163.075509 0082.1 0000 20.710 20.695 36.438 25.674 45 000000 000.0 -000.29 00000.0 01 0.0000 000.000 00.000 00.0000 00.00000 24.4841 -081.3119
163.075556 0081.9 0000 20.717 20.701 36.442 25.675 44 000000 000.0 -000.29 00000.0 01 0.0000 000.000 00.000 00.0000 00.00000 24.4841 -081.3119
163.075602 0082.0 0000 20.744 20.728 36.437 25.664 44 000000 000.0 000.11 00000.0 01 0.0000 000.000 00.000 00.0000 00.00000 24.4841 -081.3119
163.075648 0081.9 0000 20.784 20.768 36.448 25.661 44 000000 000.0 000.50 00000.0 01 0.0000 000.000 00.000 00.0000 00.00000 24.4840 -081.3120
163.075694 0081.9 0000 20.815 20.799 36.445 25.651 43 000000 000.0 000.31 00000.0 01 0.0000 000.000 00.000 00.0000 00.00000 24.4840 -081.3120
163.075741 0081.5 0000 20.831 20.816 36.446 25.647 42 000000 000.0 001.69 00000.0 01 0.0000 000.000 00.000 00.0000 00.00000 24.4840 -081.3120
163.075787 0081.1 0000 20.846 20.830 36.445 25.642 43 000000 000.0 001.30 00000.0 01 0.0000 000.000 00.000 00.0000 00.00000 24.4840 -081.3121
163.075833 0080.9 0000 20.857 20.842 36.445 25.639 43 000000 000.0 001.70 00000.0 01 0.0000 000.000 00.000 00.0000 00.00000 24.4840 -081.3121
163.075880 0081.1 0000 20.865 20.850 36.445 25.637 44 000000 000.0 001.89 00000.0 01 0.0000 000.000 00.000 00.0000 00.00000 24.4840 -081.3121
163.075926 0081.3 0000 20.871 20.855 36.445 25.635 44 000000 000.0 001.10 00000.0 01 0.0000 000.000 00.000 00.0000 00.00000 24.4840 -081.3122
163.075972 0081.0 0000 20.876 20.860 36.446 25.635 43 000000 000.0 001.89 00000.0 01 0.0000 000.000 00.000 00.0000 00.00000 24.4840 -081.3122
163.076019 0080.9 0000 20.878 20.863 36.447 25.635 43 000000 000.0 001.90 00000.0 01 0.0000 000.000 00.000 00.0000 00.00000 24.4839 -081.3123
163.076065 0080.8 0000 20.880 20.865 36.446 25.634 44 000000 000.0 002.09 00000.0 01 0.0000 000.000 00.000 00.0000 00.00000 24.4839 -081.3123
163.076111 0080.7 0000 20.887 20.871 36.447 25.633 44 000000 000.0 001.50 00000.0 01 0.0000 000.000 00.000 00.0000 00.00000 24.4839 -081.3123
163.076157 0081.0 0000 20.932 20.917 36.456 25.627 43 000000 000.0 000.31 00000.0 01 0.0000 000.000 00.000 00.0000 00.00000 24.4839 -081.3124
163.076204 0080.9 0000 20.979 20.963 36.441 25.603 44 000000 000.0 000.11 00000.0 01 0.0000 000.000 00.000 00.0000 00.00000 24.4839 -081.3124
163.076250 0080.6 0000 21.019 21.003 36.426 25.580 44 000000 000.0 000.91 00000.0 01 0.0000 000.000 00.000 00.0000 00.00000 24.4839 -081.3124
163.076296 0080.9 0000 21.044 21.028 36.422 25.571 44 000000 000.0 000.71 00000.0 01 0.0000 000.000 00.000 00.0000 00.00000 24.4839 -081.3125
163.076343 0080.8 0000 21.063 21.048 36.422 25.566 44 000000 000.0 000.31 00000.0 01 0.0000 000.000 00.000 00.0000 00.00000 24.4839 -081.3125
163.076389 0080.7 0000 21.049 21.034 36.440 25.583 43 000000 000.0 000.31 00000.0 01 0.0000 000.000 00.000 00.0000 00.00000 24.4839 -081.3125
163.076435 0080.8 0000 21.031 21.016 36.438 25.586 44 000000 000.0 -000.09 00000.0 01 0.0000 000.000 00.000 00.0000 00.00000 24.4839 -081.3126
163.076481 0081.2 0000 20.979 20.964 36.452 25.611 43 000000 000.0 -001.08 00000.0 01 0.0000 000.000 00.000 00.0000 00.00000 24.4839 -081.3126
163.076528 0080.6 0000 20.927 20.911 36.445 25.620 44 000000 000.0 000.71 00000.0 01 0.0000 000.000 00.000 00.0000 00.00000 24.4838 -081.3126
163.076574 0080.4 0000 20.965 20.950 36.438 25.605 44 000000 000.0 000.91 00000.0 01 0.0000 000.000 00.000 00.0000 00.00000 24.4838 -081.3127
163.076620 0080.7 0000 20.998 20.983 36.463 25.614 43 000000 000.0 -000.09 00000.0 01 0.0000 000.000 00.000 00.0000 00.00000 24.4838 -081.3127
163.076667 0080.4 0000 21.027 21.012 36.445 25.592 43 000000 000.0 001.10 00000.0 01 0.0000 000.000 00.000 00.0000 00.00000 24.4838 -081.3128
163.076713 0080.3 0000 21.056 21.041 36.440 25.581 44 000000 000.0 000.91 00000.0 01 0.0000 000.000 00.000 00.0000 00.00000 24.4838 -081.3128
163.076759 0080.4 0000 21.058 21.043 36.455 25.592 44 000000 000.0 000.51 00000.0 01 0.0000 000.000 00.000 00.0000 00.00000 24.4838 -081.3128
163.076806 0080.0 0000 21.088 21.072 36.450 25.580 43 000000 000.0 001.50 00000.0 01 0.0000 000.000 00.000 00.0000 00.00000 24.4838 -081.3129
163.076852 0079.7 0000 21.108 21.093 36.450 25.574 42 000000 000.0 002.89 00000.0 01 0.0000 000.000 00.000 00.0000 00.00000 24.4838 -081.3129
163.076898 0079.3 0000 21.122 21.107 36.446 25.568 43 000000 000.0 002.49 00000.0 01 0.0000 000.000 00.000 00.0000 00.00000 24.4838 -081.3130
163.076944 0079.4 0000 21.135 21.119 36.448 25.566 44 000000 000.0 001.90 00000.0 01 0.0000 000.000 00.000 00.0000 00.00000 24.4838 -081.3130
163.076991 0079.4 0000 21.137 21.122 36.444 25.562 44 000000 000.0 002.49 00000.0 01 0.0000 000.000 00.000 00.0000 00.00000 24.4837 -081.3130
163.077037 0079.4 0000 21.145 21.130 36.446 25.561 43 000000 000.0 001.70 00000.0 01 0.0000 000.000 00.000 00.0000 00.00000 24.4837 -081.3131
163.077083 0079.2 0000 21.151 21.135 36.450 25.563 43 000000 000.0 002.09 00000.0 01 0.0000 000.000 00.000 00.0000 00.00000 24.4837 -081.3131
163.077130 0079.0 0000 21.161 21.146 36.445 25.556 45 000000 000.0 002.69 00000.0 01 0.0000 000.000 00.000 00.0000 00.00000 24.4837 -081.3131
163.077176 0078.9 0000 21.174 21.158 36.446 25.553 44 000000 000.0 002.09 00000.0 01 0.0000 000.000 00.000 00.0000 00.00000 24.4837 -081.3132
163.077222 0078.8 0000 21.181 21.165 36.442 25.548 44 000000 000.0 001.70 00000.0 01 0.0000 000.000 00.000 00.0000 00.00000 24.4837 -081.3132
163.077269 0078.8 0000 21.192 21.177 36.447 25.549 43 000000 000.0 000.91 00000.0 01 0.0000 000.000 00.000 00.0000 00.00000 24.4837 -081.3132
163.077315 0078.5 0000 21.206 21.191 36.446 25.544 45 000000 000.0 001.70 00000.0 01 0.0000 000.000 00.000 00.0000 00.00000 24.4837 -081.3133
163.077361 0078.4 0000 21.222 21.207 36.445 25.539 45 000000 000.0 001.69 00000.0 01 0.0000 000.000 00.000 00.0000 00.00000 24.4837 -081.3133
163.077407 0078.2 0000 21.269 21.254 36.438 25.521 42 000000 000.0 002.29 00000.0 01 0.0000 000.000 00.000 00.0000 00.00000 24.4837 -081.3133
163.077454 0077.8 0000 21.318 21.303 36.444 25.512 40 000000 000.0 002.69 00000.0 01 0.0000 000.000 00.000 00.0000 00.00000 24.4837 -081.3134
163.077500 0077.4 0000 21.366 21.350 36.436 25.493 44 000000 000.0 003.08 00000.0 01 0.0000 000.000 00.000 00.0000 00.00000 24.4836 -081.3134
163.077546 0077.7 0000 21.382 21.367 36.443 25.493 44 000000 000.0 002.29 00000.0 01 0.0000 000.000 00.000 00.0000 00.00000 24.4836 -081.3135
163.077593 0077.7 0000 21.395 21.380 36.431 25.481 44 000000 000.0 002.09 00000.0 01 0.0000 000.000 00.000 00.0000 00.00000 24.4836 -081.3135
163.077639 0077.5 0000 21.396 21.381 36.430 25.479 45 000000 000.0 002.49 00000.0 01 0.0000 000.000 00.000 00.0000 00.00000 24.4836 -081.3135
163.077685 0077.6 0000 21.401 21.386 36.437 25.483 40 000000 000.0 001.69 00000.0 01 0.0000 000.000 00.000 00.0000 00.00000 24.4836 -081.3136
163.077731 0076.8 0000 21.384 21.369 36.442 25.492 44 000000 000.0 003.08 00000.0 01 0.0000 000.000 00.000 00.0000 00.00000 24.4836 -081.3136
163.077778 0076.9 0000 21.429 21.414 36.437 25.476 45 000000 000.0 002.48 00000.0 01 0.0000 000.000 00.000 00.0000 00.00000 24.4836 -081.3136
163.077824 0077.2 0000 21.445 21.430 36.440 25.474 43 000000 000.0 001.09 00000.0 01 0.0000 000.000 00.000 00.0000 00.00000 24.4836 -081.3137
163.077870 0076.7 0000 21.451 21.436 36.439 25.471 43 000000 000.0 001.29 00000.0 01 0.0000 000.000 00.000 00.0000 00.00000 24.4835 -081.3137
163.077917 0076.5 0000 21.491 21.476 36.438 25.459 44 000000 000.0 002.28 00000.0 01 0.0000 000.000 00.000 00.0000 00.00000 24.4835 -081.3137
163.077963 0076.6 0000 21.539 21.524 36.436 25.444 44 000000 000.0 002.09 00000.0 01 0.0000 000.000 00.000 00.0000 00.00000 24.4835 -081.3138
163.078009 0076.2 0000 21.573 21.558 36.438 25.437 45 000000 000.0 002.28 00000.0 01 0.0000 000.000 00.000 00.0000 00.00000 24.4835 -081.3138
163.078056 0076.3 0000 21.594 21.579 36.433 25.427 42 000000 000.0 002.28 00000.0 01 0.0000 000.000 00.000 00.0000 00.00000 24.4835 -081.3139
163.078102 0076.2 0000 21.609 21.594 36.430 25.420 43 000000 000.0 001.10 00000.0 01 0.0000 000.000 00.000 00.0000 00.00000 24.4835 -081.3139
163.078148 0075.9 0000 21.625 21.610 36.431 25.417 43 000000 000.0 001.89 00000.0 01 0.0000 000.000 00.000 00.0000 00.00000 24.4835 -081.3139
163.078194 0075.6 0000 21.647 21.632 36.429 25.408 42 000000 000.0 003.08 00000.0 01 0.0000 000.000 00.000 00.0000 00.00000 24.4835 -081.3140
163.078241 0075.6 0000 21.693 21.678 36.432 25.398 42 000000 000.0 002.09 00000.0 01 0.0000 000.000 00.000 00.0000 00.00000 24.4835 -081.3140
163.078287 0075.3 0000 21.722 21.707 36.434 25.392 45 000000 000.0 002.09 00000.0 01 0.0000 000.000 00.000 00.0000 00.00000 24.4835 -081.3140
163.078333 0074.7 0000 21.743 21.728 36.428 25.382 44 000000 000.0 003.47 00000.0 01 0.0000 000.000 00.000 00.0000 00.00000 24.4835 -081.3141
163.078380 0074.5 0000 21.808 21.793 36.426 25.362 43 000000 000.0 003.28 00000.0 01 0.0000 000.000 00.000 00.0000 00.00000 24.4834 -081.3141
163.078426 0074.8 0000 21.845 21.830 36.428 25.353 43 000000 000.0 002.88 00000.0 01 0.0000 000.000 00.000 00.0000 00.00000 24.4834 -081.3142
163.078472 0074.7 0000 21.873 21.858 36.429 25.346 45 000000 000.0 002.88 00000.0 01 0.0000 000.000 00.000 00.0000 00.00000 24.4834 -081.3142
163.078519 0074.5 0000 21.918 21.903 36.418 25.324 43 000000 000.0 002.68 00000.0 01 0.0000 000.000 00.000 00.0000 00.00000 24.4834 -081.3142
163.078565 0074.7 0000 21.932 21.917 36.411 25.315 44 000000 000.0 001.69 00000.0 01 0.0000 000.000 00.000 00.0000 00.00000 24.4834 -081.3143
163.078611 0074.2 0000 21.938 21.923 36.409 25.312 43 000000 000.0 002.48 00000.0 01 0.0000 000.000 00.000 00.0000 00.00000 24.4834 -081.3143
163.078657 0074.6 0000 21.924 21.909 36.408 25.315 44 000000 000.0 001.49 00000.0 01 0.0000 000.000 00.000 00.0000 00.00000 24.4834 -081.3143
163.078704 0074.3 0000 21.925 21.910 36.438 25.337 46 000000 000.0 000.69 00000.0 01 0.0000 000.000 00.000 00.0000 00.00000 24.4834 -081.3144
163.078762 0073.9 0000 21.993 21.978 36.422 25.307 45 000000 000.0 001.09 00000.0 01 0.0000 000.000 00.000 00.0000 00.00000 24.4834 -081.3144
163.078808 0073.8 0000 22.208 22.194 36.427 25.250 46 000000 000.0 001.88 00000.0 01 0.0000 000.000 00.000 00.0000 00.00000 24.4834 -081.3144
163.078854 0073.3 0000 22.359 22.345 36.424 25.204 41 000000 000.0 002.67 00000.0 01 0.0000 000.000 00.000 00.0000 00.00000 24.4833 -081.3145
163.078900 0072.8 0000 22.470 22.455 36.430 25.177 44 000000 000.0 003.07 00000.0 01 0.0000 000.000 00.000 00.0000 00.00000 24.4833 -081.3145
163.078947 0072.1 0000 22.527 22.512 36.409 25.145 42 000000 000.0 004.85 00000.0 01 0.0000 000.000 00.000 00.0000 00.00000 24.4833 -081.3146
163.078993 0071.9 0000 22.578 22.564 36.429 25.145 45 000000 000.0 004.46 00000.0 01 0.0000 000.000 00.000 00.0000 00.00000 24.4833 -081.3146
163.079039 0071.9 0000 22.672 22.658 36.441 25.127 44 000000 000.0 005.05 00000.0 01 0.0000 000.000 00.000 00.0000 00.00000 24.4833 -081.3146
163.079086 0071.1 0000 22.778 22.763 36.443 25.098 38 000000 000.0 006.04 00000.0 01 0.0000 000.000 00.000 00.0000 00.00000 24.4833 -081.3147
163.079132 0070.2 0000 22.929 22.915 36.412 25.031 46 000000 000.0 007.03 00000.0 01 0.0000 000.000 00.000 00.0000 00.00000 24.4833 -081.3147
163.079178 0070.0 0000 22.993 22.978 36.421 25.019 42 000000 000.0 007.03 00000.0 01 0.0000 000.000 00.000 00.0000 00.00000 24.4833 -081.3147
163.079225 0069.7 0000 23.094 23.080 36.409 24.981 40 000000 000.0 006.63 00000.0 01 0.0000 000.000 00.000 00.0000 00.00000 24.4833 -081.3148
163.079271 0069.5 0000 23.187 23.173 36.397 24.945 46 000000 000.0 006.24 00000.0 01 0.0000 000.000 00.000 00.0000 00.00000 24.4833 -081.3148
163.079317 0069.4 0000 23.247 23.233 36.418 24.943 46 000000 000.0 005.04 00000.0 01 0.0000 000.000 00.000 00.0000 00.00000 24.4833 -081.3148
163.079363 0069.0 0000 23.291 23.276 36.412 24.926 42 000000 000.0 005.44 00000.0 01 0.0000 000.000 00.000 00.0000 00.00000 24.4832 -081.3149
163.079410 0068.6 0000 23.327 23.313 36.403 24.908 42 000000 000.0 006.03 00000.0 01 0.0000 000.000 00.000 00.0000 00.00000 24.4832 -081.3149
163.079456 0068.0 0000 23.352 23.338 36.395 24.895 42 000000 000.0 005.83 00000.0 01 0.0000 000.000 00.000 00.0000 00.00000 24.4832 -081.3150
163.079502 0067.6 0000 23.485 23.471 36.371 24.838 46 000000 000.0 004.84 00000.0 01 0.0000 000.000 00.000 00.0000 00.00000 24.4832 -081.3150
163.079549 0067.5 0000 23.662 23.648 36.390 24.801 45 000000 000.0 004.84 00000.0 01 0.0000 000.000 00.000 00.0000 00.00000 24.4832 -081.3150
163.079595 0066.5 0000 23.774 23.760 36.388 24.765 40 000000 000.0 006.03 00000.0 01 0.0000 000.000 00.000 00.0000 00.00000 24.4832 -081.3151
163.079641 0065.7 0000 23.826 23.812 36.374 24.739 41 000000 000.0 007.21 00000.0 01 0.0000 000.000 00.000 00.0000 00.00000 24.4832 -081.3151
163.079688 0065.3 0000 23.852 23.838 36.357 24.719 42 000000 000.0 007.61 00000.0 01 0.0000 000.000 00.000 00.0000 00.00000 24.4832 -081.3151
163.079734 0065.0 0000 23.890 23.876 36.360 24.710 44 000000 000.0 007.42 00000.0 01 0.0000 000.000 00.000 00.0000 00.00000 24.4832 -081.3152
163.079780 0064.5 0000 23.954 23.940 36.359 24.690 42 000000 000.0 007.81 00000.0 01 0.0000 000.000 00.000 00.0000 00.00000 24.4832 -081.3152
163.079826 0064.0 0000 24.032 24.018 36.359 24.667 43 000000 000.0 007.41 00000.0 01 0.0000 000.000 00.000 00.0000 00.00000 24.4832 -081.3153
163.079873 0063.6 0000 24.067 24.053 36.357 24.655 42 000000 000.0 007.41 00000.0 01 0.0000 000.000 00.000 00.0000 00.00000 24.4831 -081.3153
163.079919 0063.1 0000 24.082 24.069 36.364 24.656 44 000000 000.0 008.20 00000.0 01 0.0000 000.000 00.000 00.0000 00.00000 24.4831 -081.3153
163.079965 0062.8 0000 24.091 24.077 36.346 24.640 44 000000 000.0 007.01 00000.0 01 0.0000 000.000 00.000 00.0000 00.00000 24.4831 -081.3154
163.080012 0062.3 0000 24.098 24.085 36.361 24.649 44 000000 000.0 006.21 00000.0 01 0.0000 000.000 00.000 00.0000 00.00000 24.4831 -081.3154
163.080058 0061.5 0000 24.111 24.098 36.355 24.640 45 000000 000.0 007.20 00000.0 01 0.0000 000.000 00.000 00.0000 00.00000 24.4831 -081.3154
163.080104 0061.2 0000 24.138 24.125 36.377 24.649 50 000000 000.0 007.20 00000.0 01 0.0000 000.000 00.000 00.0000 00.00000 24.4831 -081.3155
163.080150 0060.8 0000 24.203 24.190 36.380 24.631 47 000000 000.0 006.80 00000.0 01 0.0000 000.000 00.000 00.0000 00.00000 24.4831 -081.3155
163.080197 0060.1 0000 24.272 24.259 36.365 24.600 45 000000 000.0 007.40 00000.0 01 0.0000 000.000 00.000 00.0000 00.00000 24.4831 -081.3156
163.080243 0059.4 0000 24.353 24.341 36.348 24.562 45 000000 000.0 007.99 00000.0 02 0.0000 000.000 00.000 00.0000 00.00000 24.4831 -081.3156
163.080289 0059.5 0000 24.424 24.411 36.325 24.524 44 000000 000.0 006.80 00000.0 02 0.0000 000.000 00.000 00.0000 00.00000 24.4831 -081.3156
163.080336 0058.8 0000 24.488 24.475 36.322 24.502 46 000000 000.0 007.39 00000.0 02 0.0000 000.000 00.000 00.0000 00.00000 24.4831 -081.3157
163.080382 0058.5 0000 24.550 24.538 36.345 24.500 44 000000 000.0 007.20 00000.0 02 0.0000 000.000 00.000 00.0000 00.00000 24.4831 -081.3157
163.080428 0058.0 0000 24.624 24.611 36.349 24.481 44 000000 000.0 006.60 00000.0 02 0.0000 000.000 00.000 00.0000 00.00000 24.4830 -081.3157
163.080475 0058.1 0000 24.680 24.667 36.339 24.456 45 000000 000.0 005.80 00000.0 02 0.0000 000.000 00.000 00.0000 00.00000 24.4830 -081.3158
163.080521 0057.8 0000 24.724 24.711 36.338 24.442 45 000000 000.0 005.80 00000.0 02 0.0000 000.000 00.000 00.0000 00.00000 24.4830 -081.3158
163.080567 0057.6 0000 24.753 24.740 36.332 24.429 46 000000 000.0 004.61 00000.0 02 0.0000 000.000 00.000 00.0000 00.00000 24.4830 -081.3158
163.080613 0057.3 0000 24.794 24.782 36.310 24.400 46 000000 000.0 003.82 00000.0 02 0.0000 000.000 00.000 00.0000 00.00000 24.4830 -081.3159
163.080660 0057.0 0000 24.836 24.824 36.313 24.390 45 000000 000.0 004.61 00000.0 02 0.0000 000.000 00.000 00.0000 00.00000 24.4830 -081.3159
163.080706 0056.7 0000 24.876 24.864 36.309 24.374 44 000000 000.0 004.01 00000.0 02 0.0000 000.000 00.000 00.0000 00.00000 24.4830 -081.3159
163.080752 0056.3 0000 24.917 24.905 36.310 24.363 44 000000 000.0 004.21 00000.0 02 0.0000 000.000 00.000 00.0000 00.00000 24.4830 -081.3160
163.080799 0056.0 0000 24.962 24.949 36.284 24.329 45 000000 000.0 003.62 00000.0 02 0.0000 000.000 00.000 00.0000 00.00000 24.4830 -081.3160
163.080845 0056.0 0000 25.004 24.992 36.285 24.317 44 000000 000.0 003.81 00000.0 02 0.0000 000.000 00.000 00.0000 00.00000 24.4830 -081.3161
163.080891 0055.7 0000 25.065 25.053 36.313 24.320 45 000000 000.0 003.81 00000.0 02 0.0000 000.000 00.000 00.0000 00.00000 24.4830 -081.3161
163.080937 0055.3 0000 25.179 25.167 36.300 24.275 45 000000 000.0 004.40 00000.0 02 0.0000 000.000 00.000 00.0000 00.00000 24.4829 -081.3161
163.080984 0055.1 0000 25.294 25.282 36.300 24.239 45 000000 000.0 004.20 00000.0 02 0.0000 000.000 00.000 00.0000 00.00000 24.4829 -081.3162
163.081030 0055.2 0000 25.436 25.424 36.325 24.214 47 000000 000.0 003.41 00000.0 02 0.0000 000.000 00.000 00.0000 00.00000 24.4829 -081.3162
163.081076 0054.9 0000 25.542 25.530 36.278 24.146 43 000000 000.0 003.41 00000.0 02 0.0000 000.000 00.000 00.0000 00.00000 24.4829 -081.3162
163.081123 0054.5 0000 25.617 25.605 36.256 24.106 44 000000 000.0 003.21 00000.0 02 0.0000 000.000 00.000 00.0000 00.00000 24.4829 -081.3163
163.081169 0054.4 0000 25.695 25.683 36.295 24.111 46 000000 000.0 003.01 00000.0 02 0.0000 000.000 00.000 00.0000 00.00000 24.4829 -081.3163
163.081215 0054.2 0000 25.733 25.721 36.277 24.086 43 000000 000.0 003.40 00000.0 02 0.0000 000.000 00.000 00.0000 00.00000 24.4829 -081.3163
163.081262 0054.0 0000 25.778 25.766 36.303 24.092 43 000000 000.0 003.21 00000.0 02 0.0000 000.000 00.000 00.0000 00.00000 24.4829 -081.3164
163.081308 0053.9 0000 25.819 25.807 36.303 24.079 43 000000 000.0 002.61 00000.0 02 0.0000 000.000 00.000 00.0000 00.00000 24.4829 -081.3164
163.081354 0053.2 0000 25.862 25.850 36.294 24.059 43 000000 000.0 003.60 00000.0 02 0.0000 000.000 00.000 00.0000 00.00000 24.4828 -081.3164
163.081400 0052.9 0000 25.898 25.886 36.289 24.044 45 000000 000.0 004.20 00000.0 02 0.0000 000.000 00.000 00.0000 00.00000 24.4828 -081.3165
163.081447 0052.8 0000 25.951 25.939 36.307 24.041 43 000000 000.0 003.80 00000.0 02 0.0000 000.000 00.000 00.0000 00.00000 24.4828 -081.3165
163.081493 0052.2 0000 25.990 25.978 36.317 24.036 42 000000 000.0 004.39 00000.0 02 0.0000 000.000 00.000 00.0000 00.00000 24.4828 -081.3165
163.081539 0052.0 0000 26.015 26.004 36.309 24.022 42 000000 000.0 004.59 00000.0 02 0.0000 000.000 00.000 00.0000 00.00000 24.4828 -081.3166
163.081586 0051.4 0000 26.059 26.048 36.307 24.007 44 000000 000.0 005.38 00000.0 02 0.0000 000.000 00.000 00.0000 00.00000 24.4828 -081.3166
163.081632 0051.2 0000 26.100 26.088 36.298 23.987 45 000000 000.0 005.18 00000.0 02 0.0000 000.000 00.000 00.0000 00.00000 24.4828 -081.3166
163.081678 0050.5 0000 26.131 26.119 36.301 23.980 44 000000 000.0 006.37 00000.0 02 0.0000 000.000 00.000 00.0000 00.00000 24.4828 -081.3167
163.081725 0049.7 0000 26.219 26.208 36.323 23.969 46 000000 000.0 006.56 00000.0 02 0.0000 000.000 00.000 00.0000 00.00000 24.4828 -081.3167
163.081771 0049.8 0000 26.308 26.297 36.337 23.951 44 000000 000.0 005.97 00000.0 02 0.0000 000.000 00.000 00.0000 00.00000 24.4828 -081.3167
163.081817 0049.1 0000 26.371 26.360 36.307 23.909 44 000000 000.0 006.96 00000.0 02 0.0000 000.000 00.000 00.0000 00.00000 24.4828 -081.3168
163.081875 0048.8 0000 26.481 26.470 36.304 23.872 44 000000 000.0 006.36 00000.0 02 0.0000 000.000 00.000 00.0000 00.00000 24.4828 -081.3168
163.081921 0048.5 0000 26.572 26.561 36.332 23.864 44 000000 000.0 006.56 00000.0 02 0.0000 000.000 00.000 00.0000 00.00000 24.4828 -081.3168
163.081968 0048.0 0000 26.833 26.822 36.345 23.790 44 000000 000.0 006.36 00000.0 02 0.0000 000.000 00.000 00.0000 00.00000 24.4828 -081.3169
163.082014 0047.3 0000 27.133 27.122 36.383 23.723 44 000000 000.0 007.35 00000.0 02 0.0000 000.000 00.000 00.0000 00.00000 24.4828 -081.3169
163.082060 0047.2 0000 27.548 27.537 36.538 23.706 45 000000 000.0 006.16 00000.0 02 0.0000 000.000 00.000 00.0000 00.00000 24.4827 -081.3169
163.082106 0046.7 0000 27.864 27.853 36.518 23.588 45 000000 000.0 005.56 00000.0 02 0.0000 000.000 00.000 00.0000 00.00000 24.4827 -081.3170
163.082153 0046.4 0000 28.066 28.055 36.602 23.584 45 000000 000.0 006.35 00000.0 02 0.0000 000.000 00.000 00.0000 00.00000 24.4827 -081.3170
163.082199 0046.3 0000 28.164 28.153 36.614 23.561 45 000000 000.0 005.36 00000.0 02 0.0000 000.000 00.000 00.0000 00.00000 24.4827 -081.3171
163.082245 0045.8 0000 28.231 28.220 36.685 23.592 45 000000 000.0 005.56 00000.0 02 0.0000 000.000 00.000 00.0000 00.00000 24.4827 -081.3171
163.082292 0045.6 0000 28.252 28.241 36.686 23.586 44 000000 000.0 005.36 00000.0 02 0.0000 000.000 00.000 00.0000 00.00000 24.4827 -081.3171
163.082338 0045.3 0000 28.261 28.251 36.703 23.596 45 000000 000.0 004.96 00000.0 02 0.0000 000.000 00.000 00.0000 00.00000 24.4827 -081.3172
163.082384 0044.7 0000 28.264 28.253 36.705 23.596 44 000000 000.0 004.96 00000.0 02 0.0000 000.000 00.000 00.0000 00.00000 24.4827 -081.3172
163.082431 0044.5 0000 28.258 28.247 36.714 23.605 45 000000 000.0 005.15 00000.0 02 0.0000 000.000 00.000 00.0000 00.00000 24.4827 -081.3172
163.082477 0044.1 0000 28.251 28.241 36.707 23.602 43 000000 000.0 004.95 00000.0 02 0.0000 000.000 00.000 00.0000 00.00000 24.4827 -081.3173
163.082523 0043.9 0000 28.218 28.208 36.686 23.597 45 000000 000.0 004.56 00000.0 02 0.0000 000.000 00.000 00.0000 00.00000 24.4826 -081.3173
163.082569 0043.7 0000 28.179 28.169 36.672 23.599 45 000000 000.0 004.75 00000.0 02 0.0000 000.000 00.000 00.0000 00.00000 24.4826 -081.3173
163.082616 0042.9 0000 28.153 28.142 36.661 23.600 44 000000 000.0 005.54 00000.0 02 0.0000 000.000 00.000 00.0000 00.00000 24.4826 -081.3174
163.082662 0042.5 0000 28.146 28.136 36.641 23.587 46 000000 000.0 005.94 00000.0 02 0.0000 000.000 00.000 00.0000 00.00000 24.4826 -081.3174
163.082708 0042.3 0000 28.151 28.141 36.644 23.587 46 000000 000.0 005.74 00000.0 02 0.0000 000.000 00.000 00.0000 00.00000 24.4826 -081.3174
163.082755 0042.3 0000 28.158 28.148 36.642 23.583 45 000000 000.0 004.54 00000.0 02 0.0000 000.000 00.000 00.0000 00.00000 24.4826 -081.3175
163.082801 0041.3 0000 28.174 28.164 36.646 23.581 43 000000 000.0 005.93 00000.0 02 0.0000 000.000 00.000 00.0000 00.00000 24.4826 -081.3175
163.082847 0040.7 0000 28.210 28.200 36.656 23.577 46 000000 000.0 006.33 00000.0 02 0.0000 000.000 00.000 00.0000 00.00000 24.4826 -081.3175
163.082894 0040.6 0000 28.233 28.223 36.666 23.577 45 000000 000.0 006.32 00000.0 02 0.0000 000.000 00.000 00.0000 00.00000 24.4826 -081.3176
163.082940 0040.4 0000 28.254 28.244 36.665 23.569 45 000000 000.0 006.32 00000.0 02 0.0000 000.000 00.000 00.0000 00.00000 24.4826 -081.3176
163.082986 0040.3 0000 28.286 28.277 36.673 23.565 46 000000 000.0 004.93 00000.0 02 0.0000 000.000 00.000 00.0000 00.00000 24.4826 -081.3176
163.083032 0039.6 0000 28.320 28.311 36.693 23.568 44 000000 000.0 005.33 00000.0 02 0.0000 000.000 00.000 00.0000 00.00000 24.4826 -081.3177
163.083079 0039.4 0000 28.353 28.344 36.702 23.564 52 000000 000.0 005.33 00000.0 02 0.0000 000.000 00.000 00.0000 00.00000 24.4826 -081.3177
163.083125 0039.1 0000 28.369 28.359 36.696 23.554 48 000000 000.0 005.92 00000.0 02 0.0000 000.000 00.000 00.0000 00.00000 24.4826 -081.3178
163.083171 0039.2 0000 28.374 28.364 36.701 23.556 46 000000 000.0 003.93 00000.0 03 0.0000 000.000 00.000 00.0000 00.00000 24.4826 -081.3178
163.083218 0038.7 0000 28.378 28.369 36.700 23.554 44 000000 000.0 003.74 00000.0 03 0.0000 000.000 00.000 00.0000 00.00000 24.4825 -081.3178
163.083264 0038.6 0000 28.379 28.370 36.701 23.555 45 000000 000.0 003.73 00000.0 03 0.0000 000.000 00.000 00.0000 00.00000 24.4825 -081.3179
163.083310 0038.4 0000 28.377 28.368 36.701 23.555 43 000000 000.0 003.73 00000.0 03 0.0000 000.000 00.000 00.0000 00.00000 24.4825 -081.3179
163.083356 0037.9 0000 28.373 28.364 36.690 23.548 45 000000 000.0 004.52 00000.0 03 0.0000 000.000 00.000 00.0000 00.00000 24.4825 -081.3179
163.083403 0037.9 0000 28.355 28.346 36.669 23.538 45 000000 000.0 003.33 00000.0 03 0.0000 000.000 00.000 00.0000 00.00000 24.4825 -081.3180
163.083449 0037.7 0000 28.327 28.318 36.653 23.536 45 000000 000.0 003.13 00000.0 03 0.0000 000.000 00.000 00.0000 00.00000 24.4825 -081.3180
163.083495 0037.9 0000 28.298 28.289 36.637 23.533 45 000000 000.0 002.34 00000.0 03 0.0000 000.000 00.000 00.0000 00.00000 24.4825 -081.3181
163.083542 0037.5 0000 28.284 28.275 36.650 23.547 46 000000 000.0 003.13 00000.0 03 0.0000 000.000 00.000 00.0000 00.00000 24.4825 -081.3181
163.083588 0037.4 0000 28.288 28.280 36.651 23.547 44 000000 000.0 002.34 00000.0 03 0.0000 000.000 00.000 00.0000 00.00000 24.4825 -081.3181
163.083634 0037.3 0000 28.298 28.289 36.654 23.546 44 000000 000.0 002.34 00000.0 03 0.0000 000.000 00.000 00.0000 00.00000 24.4825 -081.3181
163.083681 0036.7 0000 28.304 28.295 36.654 23.544 43 000000 000.0 003.14 00000.0 03 0.0000 000.000 00.000 00.0000 00.00000 24.4825 -081.3182
163.083727 0036.0 0000 28.255 28.246 36.589 23.511 45 000000 000.0 003.53 00000.0 03 0.0000 000.000 00.000 00.0000 00.00000 24.4825 -081.3182
163.083773 0036.5 0000 28.136 28.127 36.532 23.508 43 000000 000.0 002.54 00000.0 03 0.0000 000.000 00.000 00.0000 00.00000 24.4824 -081.3183
163.083819 0035.7 0000 27.974 27.966 36.485 23.525 42 000000 000.0 003.92 00000.0 03 0.0000 000.000 00.000 00.0000 00.00000 24.4824 -081.3183
163.083866 0035.6 0000 27.916 27.908 36.455 23.522 43 000000 000.0 004.32 00000.0 03 0.0000 000.000 00.000 00.0000 00.00000 24.4824 -081.3183
163.083912 0035.6 0000 27.892 27.884 36.452 23.527 44 000000 000.0 003.72 00000.0 03 0.0000 000.000 00.000 00.0000 00.00000 24.4824 -081.3184
163.083958 0035.1 0000 27.870 27.862 36.436 23.523 45 000000 000.0 004.31 00000.0 03 0.0000 000.000 00.000 00.0000 00.00000 24.4824 -081.3184
163.084005 0035.0 0000 27.848 27.840 36.419 23.517 43 000000 000.0 004.31 00000.0 03 0.0000 000.000 00.000 00.0000 00.00000 24.4824 -081.3184
163.084051 0034.5 0000 27.832 27.824 36.382 23.494 43 000000 000.0 004.11 00000.0 03 0.0000 000.000 00.000 00.0000 00.00000 24.4824 -081.3185
163.084097 0034.2 0000 27.842 27.834 36.368 23.481 42 000000 000.0 003.33 00000.0 03 0.0000 000.000 00.000 00.0000 00.00000 24.4824 -081.3185
163.084144 0033.9 0000 27.856 27.848 36.367 23.475 44 000000 000.0 004.91 00000.0 03 0.0000 000.000 00.000 00.0000 00.00000 24.4824 -081.3186
163.084190 0033.6 0000 27.873 27.865 36.364 23.467 44 000000 000.0 003.92 00000.0 03 0.0000 000.000 00.000 00.0000 00.00000 24.4824 -081.3186
163.084236 0033.3 0000 27.889 27.881 36.365 23.463 44 000000 000.0 004.32 00000.0 03 0.0000 000.000 00.000 00.0000 00.00000 24.4824 -081.3186
163.084282 0032.5 0000 27.908 27.900 36.367 23.458 42 000000 000.0 005.70 00000.0 03 0.0000 000.000 00.000 00.0000 00.00000 24.4824 -081.3186
163.084329 0031.9 0000 27.946 27.939 36.370 23.448 46 000000 000.0 006.10 00000.0 03 0.0000 000.000 00.000 00.0000 00.00000 24.4824 -081.3187
163.084375 0031.7 0000 27.960 27.953 36.377 23.448 44 000000 000.0 006.30 00000.0 03 0.0000 000.000 00.000 00.0000 00.00000 24.4824 -081.3187
163.084421 0031.4 0000 27.971 27.964 36.370 23.439 45 000000 000.0 005.90 00000.0 03 0.0000 000.000 00.000 00.0000 00.00000 24.4824 -081.3187
163.084468 0031.3 0000 27.976 27.968 36.376 23.442 47 000000 000.0 005.50 00000.0 03 0.0000 000.000 00.000 00.0000 00.00000 24.4823 -081.3188
163.084514 0031.2 0000 27.986 27.979 36.378 23.440 44 000000 000.0 005.11 00000.0 03 0.0000 000.000 00.000 00.0000 00.00000 24.4823 -081.3188
163.084560 0030.1 0000 28.023 28.016 36.382 23.431 42 000000 000.0 006.50 00000.0 03 0.0000 000.000 00.000 00.0000 00.00000 24.4823 -081.3189
163.084606 0029.0 0000 28.085 28.079 36.382 23.411 52 000000 000.0 007.88 00000.0 03 0.0000 000.000 00.000 00.0000 00.00000 24.4823 -081.3189
163.084653 0029.3 0000 28.118 28.111 36.378 23.397 46 000000 000.0 006.10 00000.0 03 0.0000 000.000 00.000 00.0000 00.00000 24.4823 -081.3189
163.084699 0028.6 0000 28.127 28.120 36.380 23.395 43 000000 000.0 006.10 00000.0 03 0.0000 000.000 00.000 00.0000 00.00000 24.4823 -081.3190
163.084745 0027.8 0000 28.133 28.127 36.377 23.391 45 000000 000.0 007.29 00000.0 03 0.0000 000.000 00.000 00.0000 00.00000 24.4823 -081.3190
163.084792 0027.8 0000 28.134 28.127 36.375 23.390 45 000000 000.0 006.70 00000.0 03 0.0000 000.000 00.000 00.0000 00.00000 24.4823 -081.3191
163.084838 0027.6 0000 28.136 28.130 36.378 23.391 45 000000 000.0 006.89 00000.0 03 0.0000 000.000 00.000 00.0000 00.00000 24.4823 -081.3191
163.084884 0027.5 0000 28.140 28.133 36.377 23.389 44 000000 000.0 006.89 00000.0 03 0.0000 000.000 00.000 00.0000 00.00000 24.4822 -081.3191
163.084931 0027.4 0000 28.142 28.135 36.378 23.389 44 000000 000.0 005.11 00000.0 03 0.0000 000.000 00.000 00.0000 00.00000 24.4822 -081.3192
163.084977 0026.7 0000 28.147 28.141 36.381 23.389 43 000000 000.0 004.32 00000.0 03 0.0000 000.000 00.000 00.0000 00.00000 24.4822 -081.3192
163.085035 0027.0 0000 28.159 28.152 36.379 23.384 44 000000 000.0 004.32 00000.0 03 0.0000 000.000 00.000 00.0000 00.00000 24.4822 -081.3193
163.085081 0026.4 0000 28.164 28.157 36.378 23.382 44 000000 000.0 004.11 00000.0 03 0.0000 000.000 00.000 00.0000 00.00000 24.4822 -081.3193
163.085127 0026.0 0000 28.167 28.161 36.379 23.382 44 000000 000.0 003.32 00000.0 03 0.0000 000.000 00.000 00.0000 00.00000 24.4822 -081.3193
163.085174 0026.0 0000 28.170 28.164 36.378 23.380 45 000000 000.0 003.33 00000.0 03 0.0000 000.000 00.000 00.0000 00.00000 24.4822 -081.3194
163.085220 0025.7 0000 28.180 28.174 36.380 23.378 43 000000 000.0 003.52 00000.0 03 0.0000 000.000 00.000 00.0000 00.00000 24.4822 -081.3194
163.085266 0025.1 0000 28.183 28.177 36.382 23.378 47 000000 000.0 004.51 00000.0 03 0.0000 000.000 00.000 00.0000 00.00000 24.4822 -081.3194
163.085312 0025.2 0000 28.185 28.179 36.383 23.378 45 000000 000.0 004.12 00000.0 03 0.0000 000.000 00.000 00.0000 00.00000 24.4822 -081.3195
163.085359 0025.2 0000 28.182 28.176 36.380 23.377 43 000000 000.0 002.93 00000.0 03 0.0000 000.000 00.000 00.0000 00.00000 24.4822 -081.3195
163.085405 0024.6 0000 28.178 28.172 36.382 23.380 43 000000 000.0 004.51 00000.0 03 0.0000 000.000 00.000 00.0000 00.00000 24.4822 -081.3195
163.085451 0023.9 0000 28.182 28.176 36.384 23.380 44 000000 000.0 004.71 00000.0 03 0.0000 000.000 00.000 00.0000 00.00000 24.4822 -081.3196
163.085498 0024.2 0000 28.190 28.184 36.382 23.376 44 000000 000.0 003.32 00000.0 03 0.0000 000.000 00.000 00.0000 00.00000 24.4821 -081.3196
163.085544 0023.7 0000 28.193 28.188 36.381 23.374 43 000000 000.0 004.31 00000.0 03 0.0000 000.000 00.000 00.0000 00.00000 24.4821 -081.3196
163.085590 0023.2 0000 28.201 28.195 36.382 23.372 46 000000 000.0 004.70 00000.0 03 0.0000 000.000 00.000 00.0000 00.00000 24.4821 -081.3197
163.085637 0023.2 0000 28.209 28.204 36.380 23.368 43 000000 000.0 003.52 00000.0 03 0.0000 000.000 00.000 00.0000 00.00000 24.4821 -081.3197
163.085683 0022.4 0000 28.217 28.212 36.381 23.366 44 000000 000.0 005.30 00000.0 03 0.0000 000.000 00.000 00.0000 00.00000 24.4821 -081.3198
163.085729 0022.4 0000 28.218 28.212 36.381 23.366 44 000000 000.0 005.30 00000.0 03 0.0000 000.000 00.000 00.0000 00.00000 24.4821 -081.3198
163.085775 0022.3 0000 28.218 28.213 36.382 23.366 44 000000 000.0 004.31 00000.0 03 0.0000 000.000 00.000 00.0000 00.00000 24.4821 -081.3198
163.085822 0021.6 0000 28.219 28.213 36.382 23.367 42 000000 000.0 004.31 00000.0 03 0.0000 000.000 00.000 00.0000 00.00000 24.4821 -081.3199
163.085868 0021.6 0000 28.222 28.217 36.383 23.366 44 000000 000.0 004.91 00000.0 03 0.0000 000.000 00.000 00.0000 00.00000 24.4821 -081.3199
163.085914 0021.2 0000 28.225 28.220 36.382 23.365 43 000000 000.0 004.71 00000.0 03 0.0000 000.000 00.000 00.0000 00.00000 24.4821 -081.3200
163.085961 0020.7 0000 28.229 28.224 36.382 23.363 47 000000 000.0 004.71 00000.0 03 0.0000 000.000 00.000 00.0000 00.00000 24.4821 -081.3200
163.086007 0020.7 0000 28.223 28.218 36.382 23.365 44 000000 000.0 004.71 00000.0 03 0.0000 000.000 00.000 00.0000 00.00000 24.4821 -081.3200
163.086053 0020.3 0000 28.226 28.221 36.383 23.364 43 000000 000.0 003.92 00000.0 03 0.0000 000.000 00.000 00.0000 00.00000 24.4820 -081.3201
163.086100 0020.0 0000 28.234 28.229 36.380 23.360 44 000000 000.0 004.51 00000.0 03 0.0000 000.000 00.000 00.0000 00.00000 24.4820 -081.3201
163.086146 0019.6 0000 28.235 28.230 36.381 23.360 45 000000 000.0 004.91 00000.0 03 0.0000 000.000 00.000 00.0000 00.00000 24.4820 -081.3201
163.086192 0019.3 0000 28.241 28.237 36.378 23.356 43 000000 000.0 004.31 00000.0 03 0.0000 000.000 00.000 00.0000 00.00000 24.4820 -081.3202
163.086238 0019.5 0000 28.244 28.239 36.376 23.353 56 000000 000.0 003.92 00000.0 03 0.0000 000.000 00.000 00.0000 00.00000 24.4820 -081.3202
163.086285 0019.2 0000 28.243 28.239 36.378 23.355 49 000000 000.0 003.72 00000.0 04 0.0000 000.000 00.000 00.0000 00.00000 24.4820 -081.3202
163.086331 0018.9 0000 28.242 28.237 36.379 23.356 46 000000 000.0 003.33 00000.0 04 0.0000 000.000 00.000 00.0000 00.00000 24.4820 -081.3203
163.086377 0018.7 0000 28.241 28.236 36.379 23.357 46 000000 000.0 003.72 00000.0 04 0.0000 000.000 00.000 00.0000 00.00000 24.4820 -081.3203
163.086424 0018.4 0000 28.242 28.238 36.379 23.356 44 000000 000.0 003.52 00000.0 04 0.0000 000.000 00.000 00.0000 00.00000 24.4820 -081.3203
163.086470 0017.9 0000 28.243 28.239 36.379 23.356 44 000000 000.0 003.92 00000.0 04 0.0000 000.000 00.000 00.0000 00.00000 24.4820 -081.3204
163.086516 0017.8 0000 28.244 28.240 36.378 23.355 44 000000 000.0 003.52 00000.0 04 0.0000 000.000 00.000 00.0000 00.00000 24.4820 -081.3204
163.086563 0017.6 0000 28.246 28.242 36.377 23.353 43 000000 000.0 003.32 00000.0 04 0.0000 000.000 00.000 00.0000 00.00000 24.4820 -081.3204
163.086609 0016.9 0000 28.247 28.243 36.378 23.353 42 000000 000.0 004.91 00000.0 04 0.0000 000.000 00.000 00.0000 00.00000 24.4820 -081.3205
163.086655 0016.4 0000 28.248 28.245 36.377 23.352 43 000000 000.0 005.30 00000.0 04 0.0000 000.000 00.000 00.0000 00.00000 24.4820 -081.3205
163.086701 0016.2 0000 28.247 28.243 36.378 23.354 44 000000 000.0 005.10 00000.0 04 0.0000 000.000 00.000 00.0000 00.00000 24.4819 -081.3205
163.086748 0016.2 0000 28.248 28.244 36.378 23.353 43 000000 000.0 004.71 00000.0 04 0.0000 000.000 00.000 00.0000 00.00000 24.4819 -081.3206
163.086794 0015.1 0000 28.249 28.245 36.378 23.353 43 000000 000.0 006.09 00000.0 04 0.0000 000.000 00.000 00.0000 00.00000 24.4819 -081.3206
163.086840 0014.8 0000 28.247 28.244 36.379 23.354 46 000000 000.0 005.70 00000.0 04 0.0000 000.000 00.000 00.0000 00.00000 24.4819 -081.3206
163.086887 0014.4 0000 28.252 28.249 36.377 23.350 45 000000 000.0 006.29 00000.0 04 0.0000 000.000 00.000 00.0000 00.00000 24.4819 -081.3207
163.086933 0014.2 0000 28.255 28.252 36.374 23.348 44 000000 000.0 006.29 00000.0 04 0.0000 000.000 00.000 00.0000 00.00000 24.4819 -081.3207
163.086979 0013.9 0000 28.255 28.251 36.374 23.348 44 000000 000.0 005.70 00000.0 04 0.0000 000.000 00.000 00.0000 00.00000 24.4819 -081.3207
163.087025 0013.6 0000 28.254 28.250 36.375 23.349 45 000000 000.0 005.30 00000.0 04 0.0000 000.000 00.000 00.0000 00.00000 24.4819 -081.3208
163.087072 0013.6 0000 28.253 28.250 36.375 23.349 46 000000 000.0 004.91 00000.0 04 0.0000 000.000 00.000 00.0000 00.00000 24.4819 -081.3208
163.087118 0012.9 0000 28.255 28.251 36.374 23.347 44 000000 000.0 006.09 00000.0 04 0.0000 000.000 00.000 00.0000 00.00000 24.4819 -081.3208
163.087164 0012.8 0000 28.255 28.252 36.374 23.347 45 000000 000.0 004.31 00000.0 04 0.0000 000.000 00.000 00.0000 00.00000 24.4819 -081.3209
163.087211 0012.4 0000 28.256 28.253 36.373 23.347 44 000000 000.0 004.51 00000.0 04 0.0000 000.000 00.000 00.0000 00.00000 24.4819 -081.3209
163.087257 0011.9 0000 28.254 28.252 36.374 23.348 46 000000 000.0 004.70 00000.0 04 0.0000 000.000 00.000 00.0000 00.00000 24.4818 -081.3209
163.087303 0011.9 0000 28.253 28.251 36.376 23.349 44 000000 000.0 004.31 00000.0 04 0.0000 000.000 00.000 00.0000 00.00000 24.4818 -081.3210
163.087350 0011.7 0000 28.253 28.251 36.375 23.349 43 000000 000.0 004.11 00000.0 04 0.0000 000.000 00.000 00.0000 00.00000 24.4818 -081.3210
163.087396 0011.1 0000 28.255 28.252 36.375 23.348 46 000000 000.0 004.71 00000.0 04 0.0000 000.000 00.000 00.0000 00.00000 24.4818 -081.3210
163.087442 0010.9 0000 28.253 28.251 36.376 23.350 47 000000 000.0 005.10 00000.0 04 0.0000 000.000 00.000 00.0000 00.00000 24.4818 -081.3211
163.087488 0011.0 0000 28.252 28.249 36.377 23.351 44 000000 000.0 003.72 00000.0 04 0.0000 000.000 00.000 00.0000 00.00000 24.4818 -081.3211
163.087535 0010.5 0000 28.251 28.249 36.374 23.349 44 000000 000.0 004.31 00000.0 04 0.0000 000.000 00.000 00.0000 00.00000 24.4818 -081.3211
163.087581 0010.3 0000 28.252 28.249 36.374 23.348 44 000000 000.0 003.92 00000.0 04 0.0000 000.000 00.000 00.0000 00.00000 24.4818 -081.3212
163.087627 0010.4 0000 28.249 28.247 36.374 23.349 44 000000 000.0 002.73 00000.0 04 0.0000 000.000 00.000 00.0000 00.00000 24.4818 -081.3212
163.087674 0010.1 0000 28.250 28.248 36.373 23.348 44 000000 000.0 003.32 00000.0 04 0.0000 000.000 00.000 00.0000 00.00000 24.4818 -081.3212
163.087720 0010.0 0000 28.253 28.251 36.373 23.347 43 000000 000.0 003.13 00000.0 04 0.0000 000.000 00.000 00.0000 00.00000 24.4818 -081.3213
163.087766 0009.8 0000 28.254 28.252 36.373 23.347 43 000000 000.0 002.33 00000.0 04 0.0000 000.000 00.000 00.0000 00.00000 24.4818 -081.3213
163.087813 0009.5 0000 28.254 28.252 36.375 23.348 42 000000 000.0 002.53 00000.0 04 0.0000 000.000 00.000 00.0000 00.00000 24.4818 -081.3213
163.087859 0009.0 0000 28.257 28.255 36.375 23.348 43 000000 000.0 003.72 00000.0 04 0.0000 000.000 00.000 00.0000 00.00000 24.4817 -081.3214
163.087905 0008.9 0000 28.257 28.255 36.375 23.348 44 000000 000.0 003.12 00000.0 04 0.0000 000.000 00.000 00.0000 00.00000 24.4817 -081.3214
163.087951 0008.5 0000 28.257 28.255 36.375 23.347 43 000000 000.0 003.52 00000.0 04 0.0000 000.000 00.000 00.0000 00.00000 24.4817 -081.3214
163.087998 0008.2 0000 28.255 28.253 36.375 23.348 45 000000 000.0 004.11 00000.0 04 0.0000 000.000 00.000 00.0000 00.00000 24.4817 -081.3215
163.088044 0007.6 0000 28.250 28.248 36.373 23.348 45 000000 000.0 004.71 00000.0 04 0.0000 000.000 00.000 00.0000 00.00000 24.4817 -081.3215
163.088090 0007.4 0000 28.253 28.251 36.373 23.347 43 000000 000.0 004.91 00000.0 04 0.0000 000.000 00.000 00.0000 00.00000 24.4817 -081.3215
163.088137 0006.9 0000 28.254 28.253 36.373 23.347 43 000000 000.0 005.50 00000.0 04 0.0000 000.000 00.000 00.0000 00.00000 24.4817 -081.3216
163.088183 0006.5 0000 28.255 28.253 36.373 23.347 45 000000 000.0 005.70 00000.0 04 0.0000 000.000 00.000 00.0000 00.00000 24.4817 -081.3216
163.088229 0006.1 0000 28.253 28.252 36.374 23.347 44 000000 000.0 005.30 00000.0 04 0.0000 000.000 00.000 00.0000 00.00000 24.4817 -081.3216
163.088287 0006.5 0000 28.250 28.249 36.374 23.348 43 000000 000.0 004.51 00000.0 04 0.0000 000.000 00.000 00.0000 00.00000 24.4817 -081.3217
163.088333 0006.1 0000 28.249 28.248 36.373 23.348 44 000000 000.0 004.51 00000.0 04 0.0000 000.000 00.000 00.0000 00.00000 24.4817 -081.3217
163.088380 0005.2 0000 28.250 28.249 36.374 23.349 44 000000 000.0 005.70 00000.0 04 0.0000 000.000 00.000 00.0000 00.00000 24.4817 -081.3217
163.088426 0004.8 0000 28.253 28.252 36.374 23.347 45 000000 000.0 005.30 00000.0 04 0.0000 000.000 00.000 00.0000 00.00000 24.4817 -081.3218
163.088472 0004.7 0000 28.254 28.253 36.374 23.347 45 000000 000.0 005.10 00000.0 04 0.0000 000.000 00.000 00.0000 00.00000 24.4817 -081.3218
163.088519 0004.3 0000 28.254 28.253 36.373 23.347 44 000000 000.0 004.91 00000.0 04 0.0000 000.000 00.000 00.0000 00.00000 24.4817 -081.3218
163.088565 0004.4 0000 28.252 28.251 36.373 23.347 44 000000 000.0 003.92 00000.0 04 0.0000 000.000 00.000 00.0000 00.00000 24.4816 -081.3219
163.088611 0004.1 0000 28.249 28.248 36.374 23.349 42 000000 000.0 003.92 00000.0 04 0.0000 000.000 00.000 00.0000 00.00000 24.4816 -081.3219
163.088657 0003.4 0000 28.253 28.252 36.374 23.347 42 000000 000.0 005.70 00000.0 04 0.0000 000.000 00.000 00.0000 00.00000 24.4816 -081.3219
163.088704 0003.6 0000 28.254 28.254 36.374 23.347 46 000000 000.0 004.51 00000.0 04 0.0000 000.000 00.000 00.0000 00.00000 24.4816 -081.3220
163.088750 0004.0 0000 28.256 28.255 36.374 23.347 45 000000 000.0 002.33 00000.0 04 0.0000 000.000 00.000 00.0000 00.00000 24.4816 -081.3220
163.088796 0003.4 0000 28.257 28.256 36.375 23.347 45 000000 000.0 002.53 00000.0 04 0.0000 000.000 00.000 00.0000 00.00000 24.4816 -081.3220
163.088843 0004.0 0000 28.253 28.252 36.375 23.348 45 000000 000.0 001.34 00000.0 04 0.0000 000.000 00.000 00.0000 00.00000 24.4816 -081.3221
163.088889 0004.1 0000 28.254 28.253 36.375 23.348 46 000000 000.0 000.35 00000.0 04 0.0000 000.000 00.000 00.0000 00.00000 24.4816 -081.3221
163.088935 0004.3 0000 28.254 28.253 36.374 23.347 52 000000 000.0 000.15 00000.0 04 0.0000 000.000 00.000 00.0000 00.00000 24.4816 -081.3222
163.088981 0003.8 0000 28.252 28.251 36.375 23.349 51 000000 000.0 000.55 00000.0 04 0.0000 000.000 00.000 00.0000 00.00000 24.4816 -081.3222
163.089028 0004.4 0000 28.252 28.251 36.375 23.349 50 000000 000.0 -001.83 00000.0 04 0.0000 000.000 00.000 00.0000 00.00000 24.4816 -081.3222
163.089074 0004.8 0000 28.253 28.252 36.375 23.348 47 000000 000.0 -002.22 00000.0 04 0.0000 000.000 00.000 00.0000 00.00000 24.4816 -081.3223
163.089120 0004.9 0000 28.252 28.251 36.376 23.349 44 000000 000.0 -001.83 00000.0 04 0.0000 000.000 00.000 00.0000 00.00000 24.4816 -081.3223
163.089167 0004.9 0000 28.251 28.250 36.376 23.350 45 000000 000.0 -002.82 00000.0 04 0.0000 000.000 00.000 00.0000 00.00000 24.4816 -081.3223
163.089213 0005.4 0000 28.252 28.251 36.375 23.349 43 000000 000.0 -002.62 00000.0 04 0.0000 000.000 00.000 00.0000 00.00000 24.4815 -081.3224
163.089259 0005.6 0000 28.253 28.251 36.375 23.348 43 000000 000.0 -002.82 00000.0 04 0.0000 000.000 00.000 00.0000 00.00000 24.4815 -081.3224
163.089306 0005.3 0000 28.249 28.248 36.376 23.350 44 000000 000.0 -001.83 00000.0 04 0.0000 000.000 00.000 00.0000 00.00000 24.4815 -081.3225
163.089352 0005.8 0000 28.253 28.252 36.375 23.349 44 000000 000.0 -003.81 00000.0 04 0.0000 000.000 00.000 00.0000 00.00000 24.4815 -081.3225
163.089398 0005.3 0000 28.257 28.256 36.375 23.347 41 000000 000.0 -001.63 00000.0 04 0.0000 000.000 00.000 00.0000 00.00000 24.4815 -081.3225
163.089444 0005.1 0000 28.258 28.257 36.375 23.347 45 000000 000.0 -000.44 00000.0 04 0.0000 000.000 00.000 00.0000 00.00000 24.4815 -081.3226
163.089491 0005.3 0000 28.259 28.257 36.376 23.347 45 000000 000.0 -000.64 00000.0 04 0.0000 000.000 00.000 00.0000 00.00000 24.4815 -081.3226
163.089537 0004.5 0000 28.260 28.258 36.376 23.347 44 000000 000.0 000.75 00000.0 04 0.0000 000.000 00.000 00.0000 00.00000 24.4814 -081.3226
163.089583 0003.5 0000 28.257 28.256 36.376 23.348 47 000000 000.0 003.52 00000.0 04 0.0000 000.000 00.000 00.0000 00.00000 24.4814 -081.3227
163.089630 0002.8 0000 28.256 28.255 36.375 23.348 45 000000 000.0 005.31 00000.0 04 0.0000 000.000 00.000 00.0000 00.00000 24.4814 -081.3227
163.089676 0002.4 0000 28.250 28.249 28.137 17.166 46 000000 000.0 005.31 00000.0 04 0.0000 000.000 00.000 00.0000 00.00000 24.4814 -081.3228
163.089722 0002.3 0000 28.176 28.176 18.246 09.797 76 000000 000.0 006.50 00000.0 04 0.0000 000.000 00.000 00.0000 00.00000 24.4814 -081.3228
163.089769 0002.3 0000 28.105 28.105 14.821 07.266 56 000000 000.0 005.51 00000.0 04 0.0000 000.000 00.000 00.0000 00.00000 24.4814 -081.3229
163.089815 0002.3 0000 27.524 27.523 50.000 33.894 58 000000 000.0 005.11 00000.0 04 0.0000 000.000 00.000 00.0000 00.00000 24.4814 -081.3229
163.089861 0002.3 0000 27.038 27.038 50.000 34.059 57 000000 000.0 005.51 00000.0 04 0.0000 000.000 00.000 00.0000 00.00000 24.4814 -081.3229
163.089907 0002.2 0000 26.845 26.845 00.295 -03.218 45 000000 000.0 004.32 00000.0 04 0.0000 000.000 00.000 00.0000 00.00000 24.4814 -081.3230
163.089954 0002.2 0000 26.687 26.686 06.471 01.451 39 000000 000.0 002.33 00000.0 04 0.0000 000.000 00.000 00.0000 00.00000 24.4814 -081.3230
163.090000 0002.5 0000 26.556 26.556 00.393 -03.065 49 000000 000.0 000.55 00000.0 04 0.0000 000.000 00.000 00.0000 00.00000 24.4813 -081.3231
163.090046 0002.4 0000 26.509 26.509 50.000 34.236 46 000000 000.0 000.15 00000.0 04 0.0000 000.000 00.000 00.0000 00.00000 24.4813 -081.3231
163.090093 0002.5 0000 26.557 26.556 50.000 34.220 44 000000 000.0 -000.24 00000.0 04 0.0000 000.000 00.000 00.0000 00.00000 24.4813 -081.3231
163.090139 0002.5 0000 26.593 26.592 50.000 34.208 25 000000 000.0 -000.24 00000.0 04 0.0000 000.000 00.000 00.0000 00.00000 24.4813 -081.3232
163.090185 0002.3 0000 26.591 26.590 00.131 -03.272 41 000000 000.0 000.15 00000.0 04 0.0000 000.000 00.000 00.0000 00.00000 24.4813 -081.3232
163.090231 0002.4 0000 26.486 26.485 50.000 34.244 38 000000 000.0 -000.04 00000.0 04 0.0000 000.000 00.000 00.0000 00.00000 24.4813 -081.3233
163.090278 0002.4 0000 26.435 26.434 50.000 34.261 29 000000 000.0 -000.24 00000.0 04 0.0000 000.000 00.000 00.0000 00.00000 24.4813 -081.3233
163.090324 0002.2 0000 26.483 26.483 50.000 34.245 33 000000 000.0 000.16 00000.0 04 0.0000 000.000 00.000 00.0000 00.00000 24.4812 -081.3233
163.090370 0002.3 0000 26.481 26.480 50.000 34.246 44 000000 000.0 000.35 00000.0 04 0.0000 000.000 00.000 00.0000 00.00000 24.4812 -081.3234
163.090417 0002.4 0000 26.450 26.450 50.000 34.256 42 000000 000.0 -000.04 00000.0 04 0.0000 000.000 00.000 00.0000 00.00000 24.4812 -081.3234
163.090463 0002.4 0000 26.421 26.420 50.000 34.266 45 000000 000.0 000.15 00000.0 04 0.0000 000.000 00.000 00.0000 00.00000 24.4812 -081.3235
163.090509 0002.4 0000 26.473 26.473 50.000 34.248 57 000000 000.0 000.16 00000.0 04 0.0000 000.000 00.000 00.0000 00.00000 24.4812 -081.3235
163.090556 0002.4 0000 26.550 26.549 50.000 34.223 54 000000 000.0 -000.24 00000.0 04 0.0000 000.000 00.000 00.0000 00.00000 24.4812 -081.3236
163.090602 0002.3 0000 26.551 26.550 50.000 34.222 60 000000 000.0 000.15 00000.0 04 0.0000 000.000 00.000 00.0000 00.00000 24.4811 -081.3236
163.090648 0002.5 0000 26.542 26.541 50.000 34.225 52 000000 000.0 -000.24 00000.0 04 0.0000 000.000 00.000 00.0000 00.00000 24.4811 -081.3237
163.090694 0002.4 0000 26.550 26.550 50.000 34.223 58 000000 000.0 -000.44 00000.0 04 0.0000 000.000 00.000 00.0000 00.00000 24.4811 -081.3237
163.090741 0002.2 0000 26.566 26.566 50.000 34.217 87 000000 000.0 000.16 00000.0 04 0.0000 000.000 00.000 00.0000 00.00000 24.4811 -081.3238
163.090787 0002.4 0000 26.558 26.558 50.000 34.220 87 000000 000.0 -000.04 00000.0 04 0.0000 000.000 00.000 00.0000 00.00000 24.4811 -081.3238
163.090833 0002.3 0000 26.548 26.548 50.000 34.223 88 000000 000.0 000.16 00000.0 04 0.0000 000.000 00.000 00.0000 00.00000 24.4810 -081.3239
163.090880 -0156.3 0000 50.000 50.058 39.434 16.860 09 000000 -003.7 099.00 00000.0 04 0.0000 000.000 00.000 00.0000 00.00000 24.4810 -081.3239
