 Tow: 3-ns-n-out   RVWS/WS15161
 Date: 11/06/2015
 Temperature Probe #  2089    Conductivity Probe #  2870   Pressure Probe #  188
 Flow Meter Calibration  4.71 (m/count)  
                          MOCNESS STATISTICAL SUMMARY
              
net#   pmin   pmax   pavg   tmin   tmax   tavg   thmin  thmax  thavg  smin   smax   savg
 1     059.4  078.3  066.7  05.9   50.0   42.9   05.9   50.0   42.8   50.00  50.00  50.00
 2     038.2  059.4  050.6  01.8   50.0   42.2   01.8   50.0   42.2   50.00  50.00  50.00
 3     019.4  037.9  028.4  -01.6  50.0   33.9   -01.6  50.0   33.9   50.00  50.00  50.00
 4     009.8  018.8  013.7  08.0   50.0   31.5   08.0   50.0   31.5   50.00  50.00  50.00
 5     008.3  029.3  013.3  03.6   50.0   26.4   03.6   50.0   26.4   50.00  50.00  50.00
 6     032.4  046.0  039.0  18.0   50.0   21.2   17.9   50.0   21.2   50.00  50.00  50.00
 7     047.4  062.3  055.8  01.3   50.0   28.3   01.3   50.0   28.3   50.00  50.00  50.00
 8     010.4  081.3  14170.6-00.6  50.0   10941.6-00.6  50.0   10937.050.00  50.00  13050.00
              
net#   simin  simax  siavg  cmin   cmax   cavg   fmin   fmax   favg   oxmin  oxmax  oxavg
 1     24.69  39.47  27.39  00.00  00.00  00.00  00.00  00.00  00.00  00.0   00.0   00.0
 2     24.68  40.05  27.61  00.00  00.00  00.00  00.00  00.00  00.00  00.0   00.0   00.0
 3     24.68  40.40  30.69  00.00  00.00  00.00  00.00  00.00  00.00  00.0   00.0   00.0
 4     24.68  39.10  32.12  00.00  00.00  00.00  00.00  00.00  00.00  00.0   00.0   00.0
 5     24.68  39.81  33.81  00.00  00.00  00.00  00.00  00.00  00.00  00.0   00.0   00.0
 6     24.69  36.83  35.64  00.00  00.00  00.00  00.00  00.00  00.00  00.0   00.0   00.0
 7     24.69  40.11  32.91  00.00  00.00  00.00  00.00  00.00  00.00  00.0   00.0   00.0
 8     24.68  40.31  7240.7800.00  00.00  00.00  00.00  00.00  00.00  00.0   00.0   00.0
              
net#      irrmin        irrmax       irravg
 1     0.000000000 0.000000000 0.000000000
 2     0.000000000 0.000000000 0.000000000
 3     0.000000000 0.000000000 0.000000000
 4     0.000000000 0.000000000 0.000000000
 5     0.000000000 0.000000000 0.000000000
 6     0.000000000 0.000000000 0.000000000
 7     0.000000000 0.000000000 0.000000000
 8     0.000000000 0.000000000 0.000000000
              
net#   amin   amax   aavg   spmin  spmax  spavg  armin  armax  aravg     #obs      vol
 1      78.0  88.0   83.5   02.0   02.6   02.2   01.5  09.5    04.6      00064     00036
 2      85.0  89.0   87.3   02.0   02.6   02.4   01.3  06.0    03.2      00096     00014
 3      85.0  89.0   88.0   02.3   02.6   02.5   03.5  04.9    04.2      00068     -00002
 4      74.0  89.0   86.0   01.7   02.9   02.6   01.2  04.1    03.0      00050     00016
 5      63.0  80.0   73.0   01.4   02.3   01.9   -17.3 02.5    -04.2     00054     00111
 6      69.0  74.0   71.5   01.7   02.0   01.8   -20.6 -19.3   -20.0     00011     00034
 7      68.0  74.0   70.7   01.7   02.0   01.8   -18.5 -06.8   -10.3     00027     00070
 8      68.0  85.0   19758.001.7   02.9   596.5  -06.4 09.3    748.5     00261     00416
              
net#   Yearday/Time  hh:mm:ss  pmin      pmax     pavg     #obs     vol
                   (NetOpenTime)
 1       163.212326  5:5:44    059.4    078.3    066.7    00064    00036
 2       163.215347  5:10:6    038.2    059.4    050.6    00096    00014
 3       163.219861  5:16:35   019.4    037.9    028.4    00068    -00002
 4       163.223067  5:21:12   009.8    018.8    013.7    00050    00016
 5       163.225428  5:24:37   008.3    029.3    013.3    00054    00111
 6       163.227986  5:28:18   032.4    046.0    039.0    00011    00034
 7       163.228542  5:29:6    047.4    062.3    055.8    00027    00070
 8       163.229850  5:30:59   010.4    081.3    14170.6  00261    00416
 0       163.206516  4:57:23 
