 Tow: 3-ns-n-in   RVWS/WS15161
 Date: 12/06/2015
 Temperature Probe #  2089    Conductivity Probe #  2870   Pressure Probe #  188
 Flow Meter Calibration  4.71 (m/count)  
                          MOCNESS STATISTICAL SUMMARY
              
net#   pmin   pmax   pavg   tmin   tmax   tavg   thmin  thmax  thavg  smin   smax   savg
 1     060.1  080.3  071.8  -01.2  50.0   38.9   -01.2  50.0   38.9   50.00  50.00  50.00
 2     038.7  059.0  047.3  02.3   50.0   45.9   02.3   50.0   45.9   50.00  50.00  50.00
 3     020.3  038.3  029.1  -01.9  50.0   34.3   -01.9  50.0   34.3   50.00  50.00  50.00
 4     009.0  019.8  013.7  -01.8  50.0   38.4   -01.8  50.0   38.3   50.00  50.00  50.00
 5     008.1  021.5  010.8  07.4   50.0   34.3   07.4   50.0   34.3   50.00  50.00  50.00
 6     022.5  040.1  033.7  03.7   50.0   27.9   03.7   50.0   27.9   50.00  50.00  50.00
 7     040.0  060.4  050.1  20.0   50.0   27.5   19.9   50.0   27.4   50.00  50.00  50.00
 8     061.2  079.6  071.5  -01.4  50.0   35.0   -01.4  50.0   35.0   50.00  50.00  50.00
 9     011.9  083.4  9113.9 -01.9  50.0   5153.4 -01.9  50.0   5151.4 50.00  50.00  9100.00
              
net#   simin  simax  siavg  cmin   cmax   cavg   fmin   fmax   favg   oxmin  oxmax  oxavg
 1     24.69  40.36  28.73  00.00  00.00  00.00  00.00  00.00  00.00  00.0   00.0   00.0
 2     24.68  39.99  26.18  00.00  00.00  00.00  00.00  00.00  00.00  00.0   00.0   00.0
 3     24.68  40.42  30.34  00.00  00.00  00.00  00.00  00.00  00.00  00.0   00.0   00.0
 4     24.68  40.41  28.90  00.00  00.00  00.00  00.00  00.00  00.00  00.0   00.0   00.0
 5     24.68  39.20  30.85  00.00  00.00  00.00  00.00  00.00  00.00  00.0   00.0   00.0
 6     24.68  39.80  33.44  00.00  00.00  00.00  00.00  00.00  00.00  00.0   00.0   00.0
 7     24.68  36.27  33.57  00.00  00.00  00.00  00.00  00.00  00.00  00.0   00.0   00.0
 8     24.69  40.38  30.20  00.00  00.00  00.00  00.00  00.00  00.00  00.0   00.0   00.0
 9     24.68  40.42  5782.1600.00  00.00  00.00  00.00  00.00  00.00  00.0   00.0   00.0
              
net#      irrmin        irrmax       irravg
 1     0.000000000 0.000000000 0.000000000
 2     0.000000000 0.000000000 0.000000000
 3     0.000000000 0.000000000 0.000000000
 4     0.000000000 0.000000000 0.000000000
 5     0.000000000 0.000000000 0.000000000
 6     0.000000000 0.000000000 0.000000000
 7     0.000000000 0.000000000 0.000000000
 8     0.000000000 0.000000000 0.000000000
 9     0.000000000 0.000000000 0.000000000
              
net#   amin   amax   aavg   spmin  spmax  spavg  armin  armax  aravg     #obs      vol
 1      36.0  45.0   38.8   01.4   02.0   01.9   -03.3 06.8    03.9      00069     00279
 2      40.0  48.0   43.6   02.0   02.3   02.1   01.3  07.8    04.6      00070     00282
 3      42.0  50.0   45.8   02.0   02.3   02.1   03.3  05.3    04.3      00063     00254
 4      14.0  61.0   44.1   00.0   02.3   01.9   00.8  04.5    02.9      00059     00197
 5      42.0  52.0   47.9   00.6   02.0   01.8   -08.8 01.4    -01.8     00081     00300
 6      40.0  46.0   43.3   01.4   02.0   01.8   -09.5 -01.2   -03.8     00076     00293
 7      38.0  48.0   40.5   01.4   02.0   01.7   -06.6 -02.3   -04.8     00062     00246
 8      37.0  45.0   38.6   01.4   01.7   01.7   -05.9 -01.8   -03.4     00085     00341
 9      27.0  54.0   6398.0 01.7   02.6   411.1  -07.6 08.7    1002.5    00182     00915
              
net#   Yearday/Time  hh:mm:ss  pmin      pmax     pavg     #obs     vol
                   (NetOpenTime)
 1       163.439757  10:33:15  060.1    080.3    071.8    00069    00279
 2       163.443009  10:37:55  038.7    059.0    047.3    00070    00282
 3       163.446308  10:42:40  020.3    038.3    029.1    00063    00254
 4       163.449282  10:46:58  009.0    019.8    013.7    00059    00197
 5       163.452072  10:50:58  008.1    021.5    010.8    00081    00300
 6       163.455880  10:56:28  022.5    040.1    033.7    00076    00293
 7       163.459456  11:1:36   040.0    060.4    050.1    00062    00246
 8       163.462384  11:5:50   061.2    079.6    071.5    00085    00341
 9       163.466389  11:11:36  011.9    083.4    9113.9   00182    00915
 0       163.428102  10:16:28
