 Tow: 5-of-n-out   RVWS/WS15161
 Date: 12/06/2015
 Temperature Probe #  4762    Conductivity Probe #  710   Pressure Probe #  159
 Flow Meter Calibration  4.71 (m/count)  
                          MOCNESS STATISTICAL SUMMARY
              
net#   pmin   pmax   pavg   tmin   tmax   tavg   thmin  thmax  thavg  smin   smax   savg
 1     059.7  080.0  071.0  21.1   23.5   22.2   21.1   23.4   22.2   36.36  36.55  36.45
 2     037.6  059.6  049.5  23.4   26.0   24.4   23.4   26.0   24.3   36.21  36.45  36.34
 3     018.3  037.5  028.6  26.0   28.4   26.9   26.0   28.4   26.9   36.07  36.29  36.23
 4     002.5  018.1  594.0  28.4   28.4   1933.2 28.4   28.4   1933.0 30.35  36.26  2456.15
              
net#   simin  simax  siavg  cmin   cmax   cavg   fmin   fmax   favg   oxmin  oxmax  oxavg
 1     24.88  25.57  25.26  00.00  00.00  00.00  00.00  00.00  00.00  00.0   00.0   00.0
 2     23.99  24.89  24.55  00.00  00.00  00.00  00.00  00.00  00.00  00.0   00.0   00.0
 3     23.16  24.02  23.68  00.00  00.00  00.00  00.00  00.00  00.00  00.0   00.0   00.0
 4     18.77  23.20  1570.7100.00  00.00  00.00  00.00  00.00  00.00  00.0   00.0   00.0
              
net#      irrmin        irrmax       irravg
 1     0.000000000 0.000000000 0.000000000
 2     0.000000000 0.000000000 0.000000000
 3     0.000000000 0.000000000 0.000000000
 4     0.000000000 0.000000000 0.000000000
              
net#   amin   amax   aavg   spmin  spmax  spavg  armin  armax  aravg     #obs      vol
 1      50.0  58.0   52.1   02.0   02.6   02.3   -01.3 05.4    02.6      00113     01805
 2      46.0  59.0   49.7   02.0   02.6   02.2   01.4  07.7    03.8      00085     01363
 3      45.0  58.0   47.8   02.0   02.6   02.4   02.0  07.7    04.0      00072     01254
 4      41.0  55.0   3340.0 01.7   02.6   147.6  -03.0 07.5    231.1     00068     01072
              
net#   Yearday/Time  hh:mm:ss  pmin      pmax     pavg     #obs     vol
                   (NetOpenTime)
 1       164.007072  0:10:11   059.7    080.0    071.0    00113    01805
 2       164.012373  0:17:48   037.6    059.6    049.5    00085    01363
 3       164.016366  0:23:33   018.3    037.5    028.6    00072    01254
 4       164.019757  0:28:26   002.5    018.1    594.0    00068    01072
 5       163.452072  10:50:58
