 Tow: 5-of-n-ed   RVWS/WS15161
 Date: 12/06/2015
 Temperature Probe #  4762    Conductivity Probe #  710   Pressure Probe #  159
 Flow Meter Calibration  4.71 (m/count)  
                          MOCNESS STATISTICAL SUMMARY
              
net#   pmin   pmax   pavg   tmin   tmax   tavg   thmin  thmax  thavg  smin   smax   savg
 1     058.9  081.6  071.1  20.9   22.5   21.5   20.9   22.5   21.5   36.36  36.45  36.41
 2     037.2  059.0  050.2  22.5   25.7   24.1   22.5   25.7   24.0   36.25  36.37  36.33
 3     019.0  035.4  024.8  25.8   28.2   27.6   25.8   28.2   27.6   36.12  36.32  36.18
 4     002.2  018.9  1453.7 28.2   28.2   4285.8 28.2   28.2   4285.4 20.25  36.17  5444.63
              
net#   simin  simax  siavg  cmin   cmax   cavg   fmin   fmax   favg   oxmin  oxmax  oxavg
 1     25.12  25.63  25.44  00.00  00.00  00.00  00.00  00.00  00.00  00.0   00.0   00.0
 2     24.11  25.13  24.63  00.00  00.00  00.00  00.00  00.00  00.00  00.0   00.0   00.0
 3     23.21  24.10  23.40  00.00  00.00  00.00  00.00  00.00  00.00  00.0   00.0   00.0
 4     11.29  23.22  3488.5300.00  00.00  00.00  00.00  00.00  00.00  00.0   00.0   00.0
              
net#      irrmin        irrmax       irravg
 1     0.000000000 0.000000000 0.000000000
 2     0.000000000 0.000000000 0.000000000
 3     0.000000000 0.000000000 0.000000000
 4     0.000000000 0.000000000 0.000000000
              
net#   amin   amax   aavg   spmin  spmax  spavg  armin  armax  aravg     #obs      vol
 1      51.0  63.0   54.4   02.0   02.6   02.3   -02.9 05.6    02.2      00141     02157
 2      49.0  62.0   51.7   02.0   02.6   02.3   00.2  09.7    03.3      00095     01480
 3      53.0  68.0   58.0   02.0   02.6   02.4   01.3  10.9    05.5      00051     00717
 4      50.0  76.0   9246.0 01.1   02.9   331.0  -01.2 04.1    253.5     00152     01882
              
net#   Yearday/Time  hh:mm:ss  pmin      pmax     pavg     #obs     vol
                   (NetOpenTime)
 1       164.077477  1:51:34   058.9    081.6    071.1    00141    02157
 2       164.084074  2:1:3     037.2    059.0    050.2    00095    01480
 3       164.088530  2:7:29    019.0    035.4    024.8    00051    00717
 4       164.090949  2:10:58   002.2    018.9    1453.7   00152    01882
 5       163.452072  10:50:58
