 Tow: 5-of-n-in   RVWS/WS15161
 Date: 12/06/2015
 Temperature Probe #  4762    Conductivity Probe #  710   Pressure Probe #  159
 Flow Meter Calibration  4.71 (m/count)  
                          MOCNESS STATISTICAL SUMMARY
              
net#   pmin   pmax   pavg   tmin   tmax   tavg   thmin  thmax  thavg  smin   smax   savg
 1     059.3  080.6  071.8  20.6   23.6   21.6   20.6   23.6   21.6   36.34  36.44  36.40
 2     038.8  058.4  048.9  23.8   26.8   25.6   23.8   26.8   25.6   36.20  36.37  36.29
 3     019.8  038.3  027.8  26.9   28.2   27.8   26.8   28.2   27.8   36.11  36.30  36.20
 4     002.0  019.9  998.7  28.2   28.3   2823.9 28.2   28.3   2823.6 25.44  36.13  3599.16
              
net#   simin  simax  siavg  cmin   cmax   cavg   fmin   fmax   favg   oxmin  oxmax  oxavg
 1     24.78  25.69  25.40  00.00  00.00  00.00  00.00  00.00  00.00  00.0   00.0   00.0
 2     23.75  24.73  24.13  00.00  00.00  00.00  00.00  00.00  00.00  00.0   00.0   00.0
 3     23.16  23.73  23.38  00.00  00.00  00.00  00.00  00.00  00.00  00.0   00.0   00.0
 4     15.16  23.17  2306.5300.00  00.00  00.00  00.00  00.00  00.00  00.0   00.0   00.0
              
net#      irrmin        irrmax       irravg
 1     0.000000000 0.000000000 0.000000000
 2     0.000000000 0.000000000 0.000000000
 3     0.000000000 0.000000000 0.000000000
 4     0.000000000 0.000000000 0.000000000
              
net#   amin   amax   aavg   spmin  spmax  spavg  armin  armax  aravg     #obs      vol
 1      56.0  65.0   59.8   02.0   02.6   02.4   -00.9 05.0    02.6      00116     01579
 2      52.0  62.0   55.5   02.3   02.9   02.6   02.0  05.3    03.8      00079     01274
 3      51.0  63.0   53.7   02.3   02.9   02.6   00.3  05.9    03.6      00079     01363
 4      44.0  67.0   5341.0 02.0   03.1   255.2  -01.8 04.7    261.9     00100     01714
              
net#   Yearday/Time  hh:mm:ss  pmin      pmax     pavg     #obs     vol
                   (NetOpenTime)
 1       164.141354  3:23:32   059.3    080.6    071.8    00116    01579
 2       164.146782  3:31:22   038.8    058.4    048.9    00079    01274
 3       164.150498  3:36:42   019.8    038.3    027.8    00079    01363
 4       164.154225  3:42:4    002.0    019.9    998.7    00100    01714
 5       163.452072  10:50:58
