 Tow: 6-of-n-ed   RVWS/WS15161
 Date: 13/06/2015
 Temperature Probe #  4762    Conductivity Probe #  710   Pressure Probe #  159
 Flow Meter Calibration  4.71 (m/count)  
                          MOCNESS STATISTICAL SUMMARY
              
net#   pmin   pmax   pavg   tmin   tmax   tavg   thmin  thmax  thavg  smin   smax   savg
 1     059.7  081.2  071.4  21.6   23.9   22.7   21.6   23.9   22.7   36.33  36.45  36.40
 2     038.1  058.9  049.2  24.0   26.2   25.1   24.0   26.1   25.1   36.23  36.36  36.28
 3     019.9  037.5  027.4  26.2   28.2   27.5   26.2   28.2   27.5   36.08  36.23  36.18
 4     001.9  019.1  837.0  28.2   28.2   2536.5 28.2   28.2   2536.3 30.90  36.22  3247.87
              
net#   simin  simax  siavg  cmin   cmax   cavg   fmin   fmax   favg   oxmin  oxmax  oxavg
 1     24.71  25.43  25.08  00.00  00.00  00.00  00.00  00.00  00.00  00.0   00.0   00.0
 2     23.93  24.68  24.27  00.00  00.00  00.00  00.00  00.00  00.00  00.0   00.0   00.0
 3     23.25  23.91  23.45  00.00  00.00  00.00  00.00  00.00  00.00  00.0   00.0   00.0
 4     19.26  23.25  2084.0000.00  00.00  00.00  00.00  00.00  00.00  00.0   00.0   00.0
              
net#      irrmin        irrmax       irravg
 1     0.000000000 0.000000000 0.000000000
 2     0.000000000 0.000000000 0.000000000
 3     0.000000000 0.000000000 0.000000000
 4     0.000000000 0.000000000 0.000000000
              
net#   amin   amax   aavg   spmin  spmax  spavg  armin  armax  aravg     #obs      vol
 1      50.0  60.0   52.9   02.3   02.6   02.4   -02.3 05.0    02.9      00104     01671
 2      49.0  58.0   51.1   02.3   02.6   02.4   02.8  07.3    04.9      00064     01033
 3      49.0  57.0   52.6   02.0   02.9   02.5   01.1  06.7    03.5      00079     01337
 4      36.0  63.0   4814.0 01.7   02.9   219.4  -02.4 07.1    262.6     00090     01461
              
net#   Yearday/Time  hh:mm:ss  pmin      pmax     pavg     #obs     vol
                   (NetOpenTime)
 1       164.336632  8:4:44    059.7    081.2    071.4    00104    01671
 2       164.341516  8:11:47   038.1    058.9    049.2    00064    01033
 3       164.344537  8:16:7    019.9    037.5    027.4    00079    01337
 4       164.348252  8:21:28   001.9    019.1    837.0    00090    01461
 5       163.452072  10:50:58
