 Tow: 6-of-n-in   RVWS/WS15161
 Date: 13/06/2015
 Temperature Probe #  4762    Conductivity Probe #  710   Pressure Probe #  159
 Flow Meter Calibration  4.71 (m/count)  
                          MOCNESS STATISTICAL SUMMARY
              
net#   pmin   pmax   pavg   tmin   tmax   tavg   thmin  thmax  thavg  smin   smax   savg
 1     059.2  078.6  070.9  21.6   24.6   22.8   21.6   24.6   22.8   36.27  36.44  36.38
 2     038.7  058.4  048.1  24.8   27.8   26.7   24.7   27.8   26.7   36.18  36.32  36.26
 3     019.6  038.3  027.8  27.8   28.1   28.0   27.8   28.1   28.0   36.09  36.30  36.18
 4     001.9  019.0  786.6  28.1   28.1   2162.5 28.1   28.1   2162.4 21.39  36.09  2758.44
              
net#   simin  simax  siavg  cmin   cmax   cavg   fmin   fmax   favg   oxmin  oxmax  oxavg
 1     24.44  25.43  25.04  00.00  00.00  00.00  00.00  00.00  00.00  00.0   00.0   00.0
 2     23.45  24.39  23.76  00.00  00.00  00.00  00.00  00.00  00.00  00.0   00.0   00.0
 3     23.19  23.45  23.28  00.00  00.00  00.00  00.00  00.00  00.00  00.0   00.0   00.0
 4     12.17  23.19  1770.2300.00  00.00  00.00  00.00  00.00  00.00  00.0   00.0   00.0
              
net#      irrmin        irrmax       irravg
 1     0.000000000 0.000000000 0.000000000
 2     0.000000000 0.000000000 0.000000000
 3     0.000000000 0.000000000 0.000000000
 4     0.000000000 0.000000000 0.000000000
              
net#   amin   amax   aavg   spmin  spmax  spavg  armin  armax  aravg     #obs      vol
 1      54.0  62.0   56.2   02.3   02.6   02.4   00.7  05.6    03.0      00094     01424
 2      52.0  60.0   54.1   02.3   02.6   02.4   02.8  06.2    04.4      00069     01069
 3      50.0  61.0   53.5   02.3   02.9   02.6   01.3  07.3    04.4      00065     01101
 4      49.0  60.0   4111.0 01.4   02.9   188.0  -02.0 06.1    260.9     00077     01262
              
net#   Yearday/Time  hh:mm:ss  pmin      pmax     pavg     #obs     vol
                   (NetOpenTime)
 1       164.245613  5:53:40   059.2    078.6    070.9    00094    01424
 2       164.250035  6:0:3     038.7    058.4    048.1    00069    01069
 3       164.253287  6:4:44    019.6    038.3    027.8    00065    01101
 4       164.256354  6:9:9     001.9    019.0    786.6    00077    01262
 5       163.452072  10:50:58
