 Tow: 6WGELZO   RVWS/WS15161
 Date: 26/06/2015
 Temperature Probe #  4762    Conductivity Probe #  710   Pressure Probe #  159
 Flow Meter Calibration  4.71 (m/count)  
                          MOCNESS STATISTICAL SUMMARY
              
net#   pmin   pmax   pavg   tmin   tmax   tavg   thmin  thmax  thavg  smin   smax   savg
 1     015.0  030.3  023.5  28.1   28.9   28.4   28.0   28.9   28.4   36.04  36.19  36.13
 2     003.5  014.5  008.8  28.8   29.3   28.9   28.8   29.3   28.9   35.91  36.07  35.98
 3     003.4  003.6  003.5  29.4   29.4   29.4   29.3   29.4   29.4   35.95  35.96  35.95
 4     003.1  003.6  003.3  29.4   29.4   29.4   29.3   29.4   29.4   35.96  35.96  35.96
 5     003.6  004.7  017.2  29.3   29.4   117.3  29.3   29.4   117.3  35.96  35.96  143.85
              
net#   simin  simax  siavg  cmin   cmax   cavg   fmin   fmax   favg   oxmin  oxmax  oxavg
 1     22.92  23.28  23.12  00.00  00.00  00.00  00.00  00.00  00.00  00.0   00.0   00.0
 2     22.66  22.92  22.83  00.00  00.00  00.00  00.00  00.00  00.00  00.0   00.0   00.0
 3     22.66  22.67  22.66  00.00  00.00  00.00  00.00  00.00  00.00  00.0   00.0   00.0
 4     22.67  22.67  22.67  00.00  00.00  00.00  00.00  00.00  00.00  00.0   00.0   00.0
 5     22.67  22.70  90.71  00.00  00.00  00.00  00.00  00.00  00.00  00.0   00.0   00.0
              
net#      irrmin        irrmax       irravg
 1     0.000000000 0.000000000 0.000000000
 2     0.000000000 0.000000000 0.000000000
 3     0.000000000 0.000000000 0.000000000
 4     0.000000000 0.000000000 0.000000000
 5     0.000000000 0.000000000 0.000000000
              
net#   amin   amax   aavg   spmin  spmax  spavg  armin  armax  aravg     #obs      vol
 1      04.0  43.0   05.6   02.6   02.9   02.8   -01.8 05.6    03.4      00062     02503
 2      05.0  06.0   05.3   02.6   02.9   02.8   02.4  05.2    03.8      00045     01786
 3      06.0  06.0   06.0   02.6   02.9   02.6   00.0  02.6    01.3      00006     00234
 4      06.0  06.0   06.0   02.6   02.9   02.7   00.2  01.2    00.4      00008     00336
 5      05.0  06.0   23.0   02.9   03.1   12.0   -02.8 -00.2   -06.9     00004     00206
              
net#   Yearday/Time  hh:mm:ss  pmin      pmax     pavg     #obs     vol
                   (NetOpenTime)
 1       178.032269  0:46:28   015.0    030.3    023.5    00062    02503
 2       178.035197  0:50:40   003.5    014.5    008.8    00045    01786
 3       178.037326  0:53:44   003.4    003.6    003.5    00006    00234
 4       178.037650  0:54:13   003.1    003.6    003.3    00008    00336
 5       178.038079  0:54:49   003.6    004.7    017.2    00004    00206
 6       177.958692  23:0:31 
