 Tow: 6WM-B   RVWS/WS15161
 Date: 26/06/2015
 Temperature Probe #  4762    Conductivity Probe #  710   Pressure Probe #  159
 Flow Meter Calibration  4.71 (m/count)  
                          MOCNESS STATISTICAL SUMMARY
              
net#   pmin   pmax   pavg   tmin   tmax   tavg   thmin  thmax  thavg  smin   smax   savg
 1     029.7  030.3  030.0  28.1   28.1   28.1   28.1   28.1   28.1   36.19  36.21  36.20
 2     029.2  030.3  029.7  28.1   28.1   28.1   28.1   28.1   28.1   36.19  36.22  36.20
 3     028.7  029.3  029.0  28.2   28.2   28.2   28.1   28.2   28.2   36.22  36.22  36.22
 4     028.5  029.2  028.8  28.2   28.2   28.2   28.2   28.2   28.2   36.22  36.23  36.22
 5     003.4  031.9  1850.5 27.8   29.3   2531.8 27.8   29.3   2531.4 35.92  36.24  3212.98
              
net#   simin  simax  siavg  cmin   cmax   cavg   fmin   fmax   favg   oxmin  oxmax  oxavg
 1     23.26  23.27  23.27  00.00  00.00  00.00  00.00  00.00  00.00  00.0   00.0   00.0
 2     23.26  23.27  23.26  00.00  00.00  00.00  00.00  00.00  00.00  00.0   00.0   00.0
 3     23.26  23.27  23.26  00.00  00.00  00.00  00.00  00.00  00.00  00.0   00.0   00.0
 4     23.26  23.26  23.26  00.00  00.00  00.00  00.00  00.00  00.00  00.0   00.0   00.0
 5     22.70  23.38  2054.0100.00  00.00  00.00  00.00  00.00  00.00  00.0   00.0   00.0
              
net#      irrmin        irrmax       irravg
 1     0.000000000 0.000000000 0.000000000
 2     0.000000000 0.000000000 0.000000000
 3     0.000000000 0.000000000 0.000000000
 4     0.000000000 0.000000000 0.000000000
 5     0.000000000 0.000000000 0.000000000
              
net#   amin   amax   aavg   spmin  spmax  spavg  armin  armax  aravg     #obs      vol
 1      05.0  06.0   05.5   02.6   02.9   02.6   -01.3 00.1    -00.7     00013     00514
 2      03.0  45.0   07.9   02.6   02.9   02.6   -01.1 01.7    00.8      00013     00498
 3      05.0  06.0   05.2   02.6   02.9   02.6   00.1  00.9    00.6      00013     00511
 4      05.0  06.0   05.2   02.6   02.9   02.7   -00.9 01.3    00.3      00013     00512
 5      04.0  52.0   808.0  02.9   03.7   299.6  -05.8 10.2    356.0     00089     04171
              
net#   Yearday/Time  hh:mm:ss  pmin      pmax     pavg     #obs     vol
                   (NetOpenTime)
 1       177.799282  19:10:57  029.7    030.3    030.0    00013    00514
 2       177.799931  19:11:54  029.2    030.3    029.7    00013    00498
 3       177.800590  19:12:50  028.7    029.3    029.0    00013    00511
 4       177.801238  19:13:47  028.5    029.2    028.8    00013    00512
 5       177.801887  19:14:42  003.4    031.9    1850.5   00089    04171
 0       177.794086  19:3:29 
