 Tow: 6WM   RVWS/WS15161
 Date: 26/06/2015
 Temperature Probe #  4762    Conductivity Probe #  710   Pressure Probe #  188
 Flow Meter Calibration  4.71 (m/count)  
                          MOCNESS STATISTICAL SUMMARY
              
net#   pmin   pmax   pavg   tmin   tmax   tavg   thmin  thmax  thavg  smin   smax   savg
 1     018.9  024.0  021.7  -00.7  50.0   20.2   -00.7  50.0   20.2   39.40  50.00  47.35
 2     024.3  026.4  025.5  02.7   50.0   29.6   02.7   50.0   29.6   39.40  50.00  46.34
 3     026.5  027.5  027.0  01.5   50.0   32.7   01.5   50.0   32.7   39.40  50.00  45.36
 4     027.3  028.7  028.1  -01.8  50.0   27.6   -01.8  50.0   27.6   39.39  50.00  46.02
 5     028.6  029.1  028.8  -01.5  50.0   35.7   -01.5  50.0   35.7   39.39  50.00  43.70
 6     018.8  029.1  019.6  -01.8  50.0   35.0   -01.8  50.0   35.0   39.39  50.00  43.76
 7     018.7  019.3  019.0  00.8   50.0   15.7   00.8   50.0   15.7   39.40  50.00  47.73
 8     018.9  019.3  019.1  -00.2  50.0   18.9   -00.2  50.0   18.9   39.40  50.00  47.88
 9     006.0  020.1  1390.5 00.9   50.0   2097.6 00.9   50.0   2097.3 39.40  50.00  4704.59
              
net#   simin  simax  siavg  cmin   cmax   cavg   fmin   fmax   favg   oxmin  oxmax  oxavg
 1     16.86  40.32  32.98  00.00  00.00  00.00  00.00  00.00  00.00  00.0   00.0   00.0
 2     16.86  39.94  29.58  00.00  00.00  00.00  00.00  00.00  00.00  00.0   00.0   00.0
 3     16.86  40.08  27.65  00.00  00.00  00.00  00.00  00.00  00.00  00.0   00.0   00.0
 4     16.86  40.42  29.64  00.00  00.00  00.00  00.00  00.00  00.00  00.0   00.0   00.0
 5     16.86  40.39  25.12  00.00  00.00  00.00  00.00  00.00  00.00  00.0   00.0   00.0
 6     16.86  40.41  25.07  00.00  00.00  00.00  00.00  00.00  00.00  00.0   00.0   00.0
 7     16.86  40.17  34.44  00.00  00.00  00.00  00.00  00.00  00.00  00.0   00.0   00.0
 8     16.86  40.27  34.02  00.00  00.00  00.00  00.00  00.00  00.00  00.0   00.0   00.0
 9     16.86  40.16  3318.4400.00  00.00  00.00  00.00  00.00  00.00  00.0   00.0   00.0
              
net#      irrmin        irrmax       irravg
 1     0.000000000 0.000000000 0.000000000
 2     0.000000000 0.000000000 0.000000000
 3     0.000000000 0.000000000 0.000000000
 4     0.000000000 0.000000000 0.000000000
 5     0.000000000 0.000000000 0.000000000
 6     0.000000000 0.000000000 0.000000000
 7     0.000000000 0.000000000 0.000000000
 8     0.000000000 0.000000000 0.000000000
 9     0.000000000 0.000000000 0.000000000
              
net#   amin   amax   aavg   spmin  spmax  spavg  armin  armax  aravg     #obs      vol
 1      54.0  57.0   55.3   02.6   02.9   02.6   -04.0 -01.8   -03.0     00028     00128
 2      53.0  57.0   54.7   02.3   02.6   02.5   -02.4 -00.5   -01.3     00029     00126
 3      54.0  60.0   56.7   02.3   02.6   02.5   -01.1 00.3    -00.5     00032     00131
 4      55.0  60.0   56.4   02.3   02.6   02.5   -01.0 00.3    -00.3     00064     00261
 5      54.0  58.0   55.8   02.3   02.6   02.5   -00.6 00.5    -00.2     00032     00129
 6      51.0  57.0   55.4   02.3   02.6   02.5   -00.4 18.8    04.4      00034     00131
 7      50.0  55.0   52.1   02.3   02.6   02.5   -00.6 00.5    -00.1     00028     00123
 8      53.0  57.0   54.6   02.3   02.6   02.4   -00.6 00.7    00.0      00030     00124
 9      03.0  63.0   4527.0 00.0   03.1   254.9  -01.6 03.9    189.2     00096     00445
              
net#   Yearday/Time  hh:mm:ss  pmin      pmax     pavg     #obs     vol
                   (NetOpenTime)
 1       177.900914  21:37:18  018.9    024.0    021.7    00028    00128
 2       177.902303  21:39:18  024.3    026.4    025.5    00029    00126
 3       177.903692  21:41:19  026.5    027.5    027.0    00032    00131
 4       177.905231  21:43:31  027.3    028.7    028.1    00064    00261
 5       177.908252  21:47:53  028.6    029.1    028.8    00032    00129
 6       177.909780  21:50:5   018.8    029.1    019.6    00034    00131
 7       177.911412  21:52:25  018.7    019.3    019.0    00028    00123
 8       177.912755  21:54:21  018.9    019.3    019.1    00030    00124
 9       177.914190  21:56:26  006.0    020.1    1390.5   00096    00445
 0       177.895521  21:29:33
