 Tow: 6WS-B   RVWS/WS15161
 Date: 26/06/2015
 Temperature Probe #  4762    Conductivity Probe #  710   Pressure Probe #  159
 Flow Meter Calibration  4.71 (m/count)  
                          MOCNESS STATISTICAL SUMMARY
              
net#   pmin   pmax   pavg   tmin   tmax   tavg   thmin  thmax  thavg  smin   smax   savg
 1     014.1  014.8  014.3  28.9   28.9   28.9   28.9   28.9   28.9   36.12  36.13  36.13
 2     013.7  014.3  013.9  28.9   28.9   28.9   28.9   28.9   28.9   36.12  36.14  36.13
 3     013.6  014.1  013.8  28.9   28.9   28.9   28.9   28.9   28.9   36.13  36.14  36.13
 4     013.4  014.0  013.7  28.9   28.9   28.9   28.9   28.9   28.9   36.13  36.14  36.14
 5     002.0  016.9  610.2  28.8   30.1   1856.4 28.8   30.1   1856.2 00.25  36.16  2255.84
              
net#   simin  simax  siavg  cmin   cmax   cavg   fmin   fmax   favg   oxmin  oxmax  oxavg
 1     22.94  22.95  22.95  00.00  00.00  00.00  00.00  00.00  00.00  00.0   00.0   00.0
 2     22.94  22.95  22.95  00.00  00.00  00.00  00.00  00.00  00.00  00.0   00.0   00.0
 3     22.94  22.95  22.95  00.00  00.00  00.00  00.00  00.00  00.00  00.0   00.0   00.0
 4     22.95  22.95  22.95  00.00  00.00  00.00  00.00  00.00  00.00  00.0   00.0   00.0
 5     -04.02 22.96  1424.3200.00  00.00  00.00  00.00  00.00  00.00  00.0   00.0   00.0
              
net#      irrmin        irrmax       irravg
 1     0.000000000 0.000000000 0.000000000
 2     0.000000000 0.000000000 0.000000000
 3     0.000000000 0.000000000 0.000000000
 4     0.000000000 0.000000000 0.000000000
 5     0.000000000 0.000000000 0.000000000
              
net#   amin   amax   aavg   spmin  spmax  spavg  armin  armax  aravg     #obs      vol
 1      07.0  07.0   07.0   02.6   03.1   02.9   -01.7 00.7    -00.4     00012     00533
 2      07.0  07.0   07.0   02.9   03.1   02.9   -01.1 01.7    00.6      00012     00496
 3      07.0  07.0   07.0   02.9   03.1   03.0   -00.5 01.3    00.2      00011     00465
 4      07.0  07.0   07.0   02.9   03.4   03.1   -00.7 00.9    00.1      00011     00531
 5      06.0  50.0   668.0  03.1   04.0   237.5  -06.4 06.1    170.7     00064     03254
              
net#   Yearday/Time  hh:mm:ss  pmin      pmax     pavg     #obs     vol
                   (NetOpenTime)
 1       177.728044  17:28:22  014.1    014.8    014.3    00012    00533
 2       177.728657  17:29:15  013.7    014.3    013.9    00012    00496
 3       177.729259  17:30:7   013.6    014.1    013.8    00011    00465
 4       177.729815  17:30:56  013.4    014.0    013.7    00011    00531
 5       177.730370  17:31:43  002.0    016.9    610.2    00064    03254
 0       177.723912  17:22:25
