 Tow: 6WS   RVWS/WS15161
 Date: 26/06/2015
 Temperature Probe #  4762    Conductivity Probe #  710   Pressure Probe #  188
 Flow Meter Calibration  4.71 (m/count)  
                          MOCNESS STATISTICAL SUMMARY
              
net#   pmin   pmax   pavg   tmin   tmax   tavg   thmin  thmax  thavg  smin   smax   savg
 1     010.8  012.4  011.6  03.7   50.0   43.1   03.7   50.0   43.1   39.40  50.00  41.72
 2     010.5  011.1  010.8  27.0   50.0   48.5   27.0   50.0   48.5   39.40  50.00  40.11
 3     010.2  010.7  010.5  14.3   50.0   44.4   14.3   50.0   44.4   39.40  50.00  41.33
 4     010.2  010.7  010.4  -01.6  50.0   46.0   -01.6  50.0   46.0   39.40  50.00  40.39
 5     010.2  010.7  010.4  07.3   50.0   49.0   07.3   50.0   49.0   39.40  50.00  39.75
 6     010.0  010.7  010.3  20.2   50.0   49.0   20.2   50.0   49.0   39.40  50.00  39.74
 7     010.0  010.4  010.2  11.0   50.0   46.1   11.0   50.0   46.1   39.40  50.00  40.91
 8     009.9  010.4  010.2  21.0   50.0   48.3   21.0   50.0   48.3   39.40  50.00  40.46
 9     008.7  010.2  360.2  11.3   50.0   1758.6 11.3   50.0   1758.5 39.40  50.00  1489.56
              
net#   simin  simax  siavg  cmin   cmax   cavg   fmin   fmax   favg   oxmin  oxmax  oxavg
 1     16.86  39.81  21.14  00.00  00.00  00.00  00.00  00.00  00.00  00.0   00.0   00.0
 2     16.86  34.07  18.01  00.00  00.00  00.00  00.00  00.00  00.00  00.0   00.0   00.0
 3     16.86  37.77  20.40  00.00  00.00  00.00  00.00  00.00  00.00  00.0   00.0   00.0
 4     16.86  40.40  18.93  00.00  00.00  00.00  00.00  00.00  00.00  00.0   00.0   00.0
 5     16.86  39.22  17.48  00.00  00.00  00.00  00.00  00.00  00.00  00.0   00.0   00.0
 6     16.86  36.20  17.49  00.00  00.00  00.00  00.00  00.00  00.00  00.0   00.0   00.0
 7     16.86  38.50  19.48  00.00  00.00  00.00  00.00  00.00  00.00  00.0   00.0   00.0
 8     16.86  35.97  18.33  00.00  00.00  00.00  00.00  00.00  00.00  00.0   00.0   00.0
 9     16.86  38.45  682.12 00.00  00.00  00.00  00.00  00.00  00.00  00.0   00.0   00.0
              
net#      irrmin        irrmax       irravg
 1     0.000000000 0.000000000 0.000000000
 2     0.000000000 0.000000000 0.000000000
 3     0.000000000 0.000000000 0.000000000
 4     0.000000000 0.000000000 0.000000000
 5     0.000000000 0.000000000 0.000000000
 6     0.000000000 0.000000000 0.000000000
 7     0.000000000 0.000000000 0.000000000
 8     0.000000000 0.000000000 0.000000000
 9     0.000000000 0.000000000 0.000000000
              
net#   amin   amax   aavg   spmin  spmax  spavg  armin  armax  aravg     #obs      vol
 1      51.0  55.0   53.2   02.3   02.6   02.5   00.0  02.1    00.9      00032     00138
 2      51.0  55.0   53.4   02.3   02.6   02.5   -00.2 00.8    00.2      00030     00130
 3      54.0  58.0   56.2   02.3   02.6   02.5   -00.6 00.6    00.1      00033     00134
 4      54.0  58.0   55.8   02.3   02.6   02.5   -01.0 00.6    00.0      00032     00133
 5      53.0  57.0   55.1   02.3   02.6   02.5   -00.6 00.8    00.0      00060     00253
 6      52.0  57.0   55.2   02.3   02.6   02.5   -00.6 01.0    00.1      00031     00126
 7      50.0  55.0   51.3   02.3   02.6   02.5   -00.6 00.4    00.1      00028     00125
 8      51.0  56.0   53.8   02.3   02.6   02.4   -00.8 00.8    00.1      00030     00126
 9      42.0  59.0   1797.0 02.6   03.1   108.1  -00.6 01.4    14.1      00037     00209
              
net#   Yearday/Time  hh:mm:ss  pmin      pmax     pavg     #obs     vol
                   (NetOpenTime)
 1       177.949769  22:47:40  010.8    012.4    011.6    00032    00138
 2       177.951308  22:49:52  010.5    011.1    010.8    00030    00130
 3       177.952743  22:51:56  010.2    010.7    010.5    00033    00134
 4       177.954329  22:54:13  010.2    010.7    010.4    00032    00133
 5       177.955856  22:56:26  010.2    010.7    010.4    00060    00253
 6       177.958692  23:0:31   010.0    010.7    010.3    00031    00126
 7       177.960185  23:2:40   010.0    010.4    010.2    00028    00125
 8       177.961528  23:4:35   009.9    010.4    010.2    00030    00126
 9       177.962975  23:6:41   008.7    010.2    360.2    00037    00209
 0       177.938472  22:31:23
