 Tow: 7CM   RVWS/WS15161
 Date: 25/06/2015
 Temperature Probe #  4762    Conductivity Probe #  710   Pressure Probe #  188
 Flow Meter Calibration  4.71 (m/count)  
                          MOCNESS STATISTICAL SUMMARY
              
net#   pmin   pmax   pavg   tmin   tmax   tavg   thmin  thmax  thavg  smin   smax   savg
 1     012.8  018.6  016.1  -01.6  50.0   31.1   -01.6  50.0   31.1   39.40  50.00  44.88
 2     019.1  020.8  020.0  -00.9  50.0   14.8   -00.9  50.0   14.8   39.40  50.00  48.94
 3     020.5  021.2  020.9  -01.5  50.0   21.2   -01.5  50.0   21.1   39.40  50.00  47.88
 4     021.1  021.6  021.3  -01.4  50.0   35.1   -01.4  50.0   35.1   39.40  50.00  44.09
 5     021.3  022.1  021.8  01.1   50.0   21.7   01.1   50.0   21.7   39.40  50.00  48.01
 6     021.6  022.0  021.8  13.0   50.0   29.4   13.0   50.0   29.4   39.40  50.00  48.97
 7     021.5  022.0  021.7  07.1   50.0   33.2   07.1   50.0   33.2   39.40  50.00  47.02
 8     021.3  022.1  021.7  12.1   50.0   38.8   12.1   50.0   38.8   39.40  50.00  47.51
 9     009.2  024.4  1853.0 -01.7  50.0   4863.7 -01.7  50.0   4863.1 39.40  50.00  3971.51
              
net#   simin  simax  siavg  cmin   cmax   cavg   fmin   fmax   favg   oxmin  oxmax  oxavg
 1     16.86  40.40  27.44  00.00  00.00  00.00  00.00  00.00  00.00  00.0   00.0   00.0
 2     16.86  40.34  35.88  00.00  00.00  00.00  00.00  00.00  00.00  00.0   00.0   00.0
 3     16.86  40.39  33.23  00.00  00.00  00.00  00.00  00.00  00.00  00.0   00.0   00.0
 4     16.86  40.38  25.60  00.00  00.00  00.00  00.00  00.00  00.00  00.0   00.0   00.0
 5     16.86  40.13  33.36  00.00  00.00  00.00  00.00  00.00  00.00  00.0   00.0   00.0
 6     16.86  38.07  32.30  00.00  00.00  00.00  00.00  00.00  00.00  00.0   00.0   00.0
 7     16.86  39.26  28.97  00.00  00.00  00.00  00.00  00.00  00.00  00.0   00.0   00.0
 8     16.86  38.26  27.52  00.00  00.00  00.00  00.00  00.00  00.00  00.0   00.0   00.0
 9     16.86  40.40  1753.8000.00  00.00  00.00  00.00  00.00  00.00  00.0   00.0   00.0
              
net#      irrmin        irrmax       irravg
 1     0.000000000 0.000000000 0.000000000
 2     0.000000000 0.000000000 0.000000000
 3     0.000000000 0.000000000 0.000000000
 4     0.000000000 0.000000000 0.000000000
 5     0.000000000 0.000000000 0.000000000
 6     0.000000000 0.000000000 0.000000000
 7     0.000000000 0.000000000 0.000000000
 8     0.000000000 0.000000000 0.000000000
 9     0.000000000 0.000000000 0.000000000
              
net#   amin   amax   aavg   spmin  spmax  spavg  armin  armax  aravg     #obs      vol
 1      51.0  54.0   52.3   02.3   02.6   02.4   -04.7 -01.8   -03.6     00029     00133
 2      50.0  57.0   52.3   02.3   02.6   02.4   -02.8 -00.2   -01.1     00030     00128
 3      54.0  58.0   55.4   02.3   02.6   02.4   -01.0 00.6    -00.2     00030     00119
 4      51.0  57.0   54.6   02.3   02.6   02.4   -00.4 00.4    -00.1     00061     00248
 5      52.0  56.0   54.5   02.3   02.6   02.4   -01.0 00.6    -00.2     00032     00129
 6      49.0  55.0   53.5   02.3   02.6   02.4   -00.4 00.4    00.1      00031     00127
 7      49.0  52.0   50.4   02.3   02.6   02.4   -00.6 00.6    -00.1     00032     00139
 8      50.0  57.0   52.6   02.3   02.6   02.3   -00.6 00.8    00.1      00034     00141
 9      41.0  55.0   4886.0 02.6   03.1   285.8  -02.7 04.3    177.0     00100     00530
              
net#   Yearday/Time  hh:mm:ss  pmin      pmax     pavg     #obs     vol
                   (NetOpenTime)
 1       176.853889  20:29:36  012.8    018.6    016.1    00029    00133
 2       176.855289  20:31:37  019.1    020.8    020.0    00030    00128
 3       176.856725  20:33:40  020.5    021.2    020.9    00030    00119
 4       176.858171  20:35:46  021.1    021.6    021.3    00061    00248
 5       176.861053  20:39:54  021.3    022.1    021.8    00032    00129
 6       176.862581  20:42:6   021.6    022.0    021.8    00031    00127
 7       176.864074  20:44:15  021.5    022.0    021.7    00032    00139
 8       176.865602  20:46:28  021.3    022.1    021.7    00034    00141
 9       176.867234  20:48:49  009.2    024.4    1853.0   00100    00530
 0       176.848090  20:21:14
