 Tow: 7CS   RVWS/WS15161
 Date: 25/06/2015
 Temperature Probe #  4762    Conductivity Probe #  710   Pressure Probe #  188
 Flow Meter Calibration  4.71 (m/count)  
                          MOCNESS STATISTICAL SUMMARY
              
net#   pmin   pmax   pavg   tmin   tmax   tavg   thmin  thmax  thavg  smin   smax   savg
 1     014.7  016.3  015.5  05.9   50.0   43.9   05.9   50.0   43.9   39.40  50.00  41.39
 2     000.0  000.0  000.0  00.0   00.0   00.0   00.0   00.0   00.0   00.00  00.00  00.00
 3     016.3  017.6  017.1  -00.6  50.0   28.5   -00.6  50.0   28.5   39.40  50.00  45.29
 4     017.6  018.7  018.2  -01.9  50.0   18.2   -01.9  50.0   18.2   39.40  50.00  47.99
 5     018.4  018.8  018.6  03.6   50.0   31.8   03.6   50.0   31.8   39.40  50.00  46.27
 6     018.3  018.8  018.6  -01.8  50.0   24.7   -01.8  50.0   24.7   39.40  50.00  46.26
 7     018.3  018.7  018.5  -00.5  50.0   28.6   -00.5  50.0   28.6   39.40  50.00  46.47
 8     018.3  018.8  018.6  00.6   50.0   37.6   00.6   50.0   37.6   39.40  50.00  42.71
 9     005.8  018.9  490.6  -00.6  50.0   2196.7 -00.6  50.0   2196.6 39.40  50.00  2165.35
              
net#   simin  simax  siavg  cmin   cmax   cavg   fmin   fmax   favg   oxmin  oxmax  oxavg
 1     16.86  39.46  20.54  00.00  00.00  00.00  00.00  00.00  00.00  00.0   00.0   00.0
 2     00.00  00.00  00.00  00.00  00.00  00.00  00.00  00.00  00.00  00.0   00.0   00.0
 3     16.86  40.31  28.65  00.00  00.00  00.00  00.00  00.00  00.00  00.0   00.0   00.0
 4     16.86  40.42  34.12  00.00  00.00  00.00  00.00  00.00  00.00  00.0   00.0   00.0
 5     16.86  39.82  28.89  00.00  00.00  00.00  00.00  00.00  00.00  00.0   00.0   00.0
 6     16.86  40.41  30.58  00.00  00.00  00.00  00.00  00.00  00.00  00.0   00.0   00.0
 7     16.86  40.30  29.80  00.00  00.00  00.00  00.00  00.00  00.00  00.0   00.0   00.0
 8     16.86  40.19  23.57  00.00  00.00  00.00  00.00  00.00  00.00  00.0   00.0   00.0
 9     16.86  40.31  1104.0100.00  00.00  00.00  00.00  00.00  00.00  00.0   00.0   00.0
              
net#      irrmin        irrmax       irravg
 1     0.000000000 0.000000000 0.000000000
 2     0.000000000 0.000000000 0.000000000
 3     0.000000000 0.000000000 0.000000000
 4     0.000000000 0.000000000 0.000000000
 5     0.000000000 0.000000000 0.000000000
 6     0.000000000 0.000000000 0.000000000
 7     0.000000000 0.000000000 0.000000000
 8     0.000000000 0.000000000 0.000000000
 9     0.000000000 0.000000000 0.000000000
              
net#   amin   amax   aavg   spmin  spmax  spavg  armin  armax  aravg     #obs      vol
 1      51.0  55.0   53.2   00.0   00.0   00.0   -01.4 00.1    -00.8     00032     00000
 2      00.0  00.0   00.0   00.0   00.0   00.0   00.0  00.0    00.0      00000     00000
 3      54.0  57.0   55.5   00.0   00.0   00.0   -01.1 -00.1   -00.7     00027     00000
 4      52.0  57.0   54.7   00.0   02.3   01.1   -01.1 00.3    -00.3     00058     00123
 5      53.0  57.0   55.3   01.7   02.3   02.1   -00.9 00.5    -00.1     00037     00126
 6      51.0  57.0   55.0   02.0   02.3   02.2   -00.5 00.7    00.0      00034     00123
 7      49.0  54.0   51.5   02.0   02.3   02.2   -00.4 00.7    00.0      00033     00128
 8      50.0  56.0   54.1   02.0   02.3   02.2   -00.6 00.5    00.0      00032     00121
 9      44.0  54.0   2561.0 02.3   02.9   141.3  -01.4 18.4    182.5     00052     00256
              
net#   Yearday/Time  hh:mm:ss  pmin      pmax     pavg     #obs     vol
                   (NetOpenTime)
 1       176.810683  19:27:22  014.7    016.3    015.5    00032    00000
 2       000.000000  0:0:0     000.0    000.0    000.0    00000    00000
 3       176.812268  19:29:39  016.3    017.6    017.1    00027    00000
 4       176.813565  19:31:31  017.6    018.7    018.2    00058    00123
 5       176.816308  19:35:28  018.4    018.8    018.6    00037    00126
 6       176.818067  19:38:1   018.3    018.8    018.6    00034    00123
 7       176.819699  19:40:21  018.3    018.7    018.5    00033    00128
 8       176.821273  19:42:38  018.3    018.8    018.6    00032    00121
 9       176.822812  19:44:50  005.8    018.9    490.6    00052    00256
 0       176.805150  19:19:24
