 Tow: 7E-GELZO   RVWS/WS15161
 Date: 19/06/2015
 Temperature Probe #  4762    Conductivity Probe #  710   Pressure Probe #  159
 Flow Meter Calibration  4.71 (m/count)  
                          MOCNESS STATISTICAL SUMMARY
              
net#   pmin   pmax   pavg   tmin   tmax   tavg   thmin  thmax  thavg  smin   smax   savg
 1     009.5  020.4  015.3  28.6   29.0   28.8   28.6   29.0   28.8   36.17  36.19  36.18
 2     002.7  009.1  005.4  29.0   29.1   29.1   29.0   29.1   29.1   36.19  36.20  36.19
 3     002.6  002.7  002.7  29.1   29.1   29.1   29.1   29.1   29.1   36.19  36.20  36.19
 4     002.5  002.9  013.5  29.1   29.1   145.4  29.1   29.1   145.4  36.19  36.19  180.95
              
net#   simin  simax  siavg  cmin   cmax   cavg   fmin   fmax   favg   oxmin  oxmax  oxavg
 1     22.95  23.08  23.01  00.00  00.00  00.00  00.00  00.00  00.00  00.0   00.0   00.0
 2     22.94  22.96  22.94  00.00  00.00  00.00  00.00  00.00  00.00  00.0   00.0   00.0
 3     22.94  22.94  22.94  00.00  00.00  00.00  00.00  00.00  00.00  00.0   00.0   00.0
 4     22.93  22.94  114.68 00.00  00.00  00.00  00.00  00.00  00.00  00.0   00.0   00.0
              
net#      irrmin        irrmax       irravg
 1     0.000000000 0.000000000 0.000000000
 2     0.000000000 0.000000000 0.000000000
 3     0.000000000 0.000000000 0.000000000
 4     0.000000000 0.000000000 0.000000000
              
net#   amin   amax   aavg   spmin  spmax  spavg  armin  armax  aravg     #obs      vol
 1      08.0  61.0   18.9   00.0   00.0   00.0   -01.0 03.4    02.1      00072     00000
 2      10.0  61.0   11.7   00.0   00.0   00.0   00.2  03.4    02.2      00050     00000
 3      11.0  62.0   44.7   00.0   00.0   00.0   00.0  00.6    00.3      00006     00000
 4      11.0  62.0   259.0  00.0   00.0   00.0   -00.6 00.2    -00.1     00005     00000
              
net#   Yearday/Time  hh:mm:ss  pmin      pmax     pavg     #obs     vol
                   (NetOpenTime)
 1       170.969306  23:15:48  009.5    020.4    015.3    00072    00000
 2       170.972697  23:20:41  002.7    009.1    005.4    00050    00000
 3       170.975058  23:24:4   002.6    002.7    002.7    00006    00000
 4       170.975394  23:24:34  002.5    002.9    013.5    00005    00000
 0       170.965301  23:10:2 
