 Tow: 7ES-B   RVWS/WS15161
 Date: 19/06/2015
 Temperature Probe #  4762    Conductivity Probe #  710   Pressure Probe #  159
 Flow Meter Calibration  4.71 (m/count)  
                          MOCNESS STATISTICAL SUMMARY
              
net#   pmin   pmax   pavg   tmin   tmax   tavg   thmin  thmax  thavg  smin   smax   savg
 1     014.6  015.5  015.0  28.4   28.4   28.4   28.4   28.4   28.4   36.17  36.17  36.17
 2     014.2  014.9  014.5  28.4   28.4   28.4   28.4   28.4   28.4   36.17  36.17  36.17
 3     014.1  014.8  014.6  28.4   28.4   28.4   28.4   28.4   28.4   36.17  36.17  36.17
 4     013.5  014.4  013.9  28.4   28.4   28.4   28.4   28.4   28.4   36.17  36.17  36.17
 5     002.6  017.4  520.5  28.3   28.8   1424.4 28.3   28.8   1424.3 36.15  36.19  1808.34
              
net#   simin  simax  siavg  cmin   cmax   cavg   fmin   fmax   favg   oxmin  oxmax  oxavg
 1     23.13  23.15  23.14  00.00  00.00  00.00  00.00  00.00  00.00  00.0   00.0   00.0
 2     23.15  23.15  23.15  00.00  00.00  00.00  00.00  00.00  00.00  00.0   00.0   00.0
 3     23.15  23.15  23.15  00.00  00.00  00.00  00.00  00.00  00.00  00.0   00.0   00.0
 4     23.15  23.15  23.15  00.00  00.00  00.00  00.00  00.00  00.00  00.0   00.0   00.0
 5     22.99  23.18  1155.7100.00  00.00  00.00  00.00  00.00  00.00  00.0   00.0   00.0
              
net#      irrmin        irrmax       irravg
 1     0.000000000 0.000000000 0.000000000
 2     0.000000000 0.000000000 0.000000000
 3     0.000000000 0.000000000 0.000000000
 4     0.000000000 0.000000000 0.000000000
 5     0.000000000 0.000000000 0.000000000
              
net#   amin   amax   aavg   spmin  spmax  spavg  armin  armax  aravg     #obs      vol
 1      22.0  22.0   22.0   02.6   02.9   02.7   -02.0 01.6    00.2      00017     00530
 2      21.0  22.0   21.1   02.6   02.9   02.7   -01.2 01.6    00.3      00017     00537
 3      21.0  22.0   21.4   02.6   02.9   02.7   -00.6 01.0    00.1      00017     00536
 4      21.0  58.0   23.1   02.6   02.9   02.7   -00.8 01.6    00.5      00018     00565
 5      21.0  23.0   1058.0 02.9   03.7   176.0  -06.7 06.5    159.7     00050     02051
              
net#   Yearday/Time  hh:mm:ss  pmin      pmax     pavg     #obs     vol
                   (NetOpenTime)
 1       170.646551  15:31:2   014.6    015.5    015.0    00017    00530
 2       170.647396  15:32:15  014.2    014.9    014.5    00017    00537
 3       170.648229  15:33:26  014.1    014.8    014.6    00017    00536
 4       170.649063  15:34:39  013.5    014.4    013.9    00018    00565
 5       170.649942  15:35:54  002.6    017.4    520.5    00050    02051
 0       170.643484  15:26:37
