 Tow: 7WM-B   RVWS/WS15161
 Date: 22/06/2015
 Temperature Probe #  4762    Conductivity Probe #  710   Pressure Probe #  159
 Flow Meter Calibration  4.71 (m/count)  
                          MOCNESS STATISTICAL SUMMARY
              
net#   pmin   pmax   pavg   tmin   tmax   tavg   thmin  thmax  thavg  smin   smax   savg
 1     028.5  029.1  028.8  28.7   28.7   28.7   28.7   28.7   28.7   36.18  36.19  36.19
 2     027.7  028.5  028.0  28.7   28.7   28.7   28.7   28.7   28.7   36.18  36.18  36.18
 3     027.1  027.7  027.4  28.7   28.8   28.8   28.7   28.8   28.7   36.18  36.19  36.19
 4     026.7  028.2  027.3  28.7   28.8   28.8   28.7   28.8   28.8   36.18  36.20  36.19
 5     002.8  030.2  1566.7 28.6   29.2   2449.6 28.6   29.2   2449.2 36.16  36.22  3076.50
              
net#   simin  simax  siavg  cmin   cmax   cavg   fmin   fmax   favg   oxmin  oxmax  oxavg
 1     23.06  23.07  23.07  00.00  00.00  00.00  00.00  00.00  00.00  00.0   00.0   00.0
 2     23.05  23.07  23.06  00.00  00.00  00.00  00.00  00.00  00.00  00.0   00.0   00.0
 3     23.04  23.05  23.04  00.00  00.00  00.00  00.00  00.00  00.00  00.0   00.0   00.0
 4     23.04  23.05  23.04  00.00  00.00  00.00  00.00  00.00  00.00  00.0   00.0   00.0
 5     22.92  23.08  1957.1800.00  00.00  00.00  00.00  00.00  00.00  00.0   00.0   00.0
              
net#      irrmin        irrmax       irravg
 1     0.000000000 0.000000000 0.000000000
 2     0.000000000 0.000000000 0.000000000
 3     0.000000000 0.000000000 0.000000000
 4     0.000000000 0.000000000 0.000000000
 5     0.000000000 0.000000000 0.000000000
              
net#   amin   amax   aavg   spmin  spmax  spavg  armin  armax  aravg     #obs      vol
 1      02.0  48.0   13.9   02.3   02.6   02.5   -00.6 01.0    00.1      00017     00580
 2      04.0  46.0   06.9   02.3   02.6   02.5   -00.4 02.2    00.9      00016     00604
 3      04.0  05.0   04.5   02.6   02.9   02.6   -01.0 01.6    00.5      00015     00585
 4      04.0  05.0   04.2   02.6   02.9   02.7   -02.2 01.2    00.1      00017     00694
 5      04.0  06.0   358.0  02.9   03.7   296.7  -05.9 07.1    353.4     00085     04393
              
net#   Yearday/Time  hh:mm:ss  pmin      pmax     pavg     #obs     vol
                   (NetOpenTime)
 1       175.697963  16:45:4   028.5    029.1    028.8    00017    00580
 2       175.698796  16:46:15  027.7    028.5    028.0    00016    00604
 3       175.699595  16:47:24  027.1    027.7    027.4    00015    00585
 4       175.700336  16:48:29  026.7    028.2    027.3    00017    00694
 5       175.701169  16:49:41  002.8    030.2    1566.7   00085    04393
 0       175.690995  16:35:2 
