 Tow: 7WM-A   RVWS/WS15161
 Date: 22/06/2015
 Temperature Probe #  4762    Conductivity Probe #  710   Pressure Probe #  159
 Flow Meter Calibration  4.71 (m/count)  
                          MOCNESS STATISTICAL SUMMARY
              
net#   pmin   pmax   pavg   tmin   tmax   tavg   thmin  thmax  thavg  smin   smax   savg
 1     029.2  030.1  029.5  28.9   28.9   28.9   28.8   28.9   28.9   36.24  36.25  36.24
 2     029.6  030.4  029.9  28.8   28.9   28.8   28.8   28.8   28.8   36.23  36.24  36.24
 3     029.6  030.2  029.9  28.8   28.8   28.8   28.8   28.8   28.8   36.23  36.24  36.23
 4     029.4  030.1  029.7  28.8   28.9   28.8   28.8   28.8   28.8   36.23  36.24  36.24
 5     002.9  032.9  1856.8 28.8   29.1   2717.1 28.8   29.1   2716.6 36.23  36.25  3406.35
              
net#   simin  simax  siavg  cmin   cmax   cavg   fmin   fmax   favg   oxmin  oxmax  oxavg
 1     23.04  23.05  23.04  00.00  00.00  00.00  00.00  00.00  00.00  00.0   00.0   00.0
 2     23.05  23.05  23.05  00.00  00.00  00.00  00.00  00.00  00.00  00.0   00.0   00.0
 3     23.05  23.06  23.05  00.00  00.00  00.00  00.00  00.00  00.00  00.0   00.0   00.0
 4     23.05  23.05  23.05  00.00  00.00  00.00  00.00  00.00  00.00  00.0   00.0   00.0
 5     22.96  23.07  2164.7700.00  00.00  00.00  00.00  00.00  00.00  00.0   00.0   00.0
              
net#      irrmin        irrmax       irravg
 1     0.000000000 0.000000000 0.000000000
 2     0.000000000 0.000000000 0.000000000
 3     0.000000000 0.000000000 0.000000000
 4     0.000000000 0.000000000 0.000000000
 5     0.000000000 0.000000000 0.000000000
              
net#   amin   amax   aavg   spmin  spmax  spavg  armin  armax  aravg     #obs      vol
 1      03.0  05.0   04.0   02.3   02.6   02.5   -01.6 00.0    -00.6     00019     00736
 2      04.0  04.0   04.0   02.3   02.6   02.3   -01.4 00.8    -00.3     00015     00525
 3      04.0  04.0   04.0   02.3   02.6   02.4   -00.6 01.2    00.3      00015     00556
 4      04.0  04.0   04.0   02.6   02.6   02.6   -00.8 01.0    00.1      00014     00523
 5      03.0  07.0   396.0  02.6   03.7   319.0  -05.7 08.0    388.6     00094     04728
              
net#   Yearday/Time  hh:mm:ss  pmin      pmax     pavg     #obs     vol
                   (NetOpenTime)
 1       175.656759  15:45:44  029.2    030.1    029.5    00019    00736
 2       175.657697  15:47:5   029.6    030.4    029.9    00015    00525
 3       175.658437  15:48:8   029.6    030.2    029.9    00015    00556
 4       175.659178  15:49:13  029.4    030.1    029.7    00014    00523
 5       175.659873  15:50:13  002.9    032.9    1856.8   00094    04728
 0       175.650185  15:36:16
