 Tow: 7WM   RVWS/WS15161
 Date: 24/06/2015
 Temperature Probe #  4762    Conductivity Probe #  710   Pressure Probe #  188
 Flow Meter Calibration  4.71 (m/count)  
                          MOCNESS STATISTICAL SUMMARY
              
net#   pmin   pmax   pavg   tmin   tmax   tavg   thmin  thmax  thavg  smin   smax   savg
 1     022.5  029.3  026.4  02.9   50.0   18.8   02.9   50.0   18.8   39.39  50.00  48.54
 2     029.6  031.1  030.4  -00.5  50.0   23.6   -00.5  50.0   23.6   39.39  50.00  47.26
 3     030.7  031.7  031.3  -00.5  50.0   28.7   -00.5  50.0   28.7   39.39  50.00  46.35
 4     031.3  031.9  031.7  -00.4  50.0   31.7   -00.4  50.0   31.7   39.39  50.00  45.19
 5     021.5  031.5  022.1  07.0   50.0   44.1   07.0   50.0   44.1   39.39  50.00  41.40
 6     021.6  022.1  021.9  -01.7  50.0   21.6   -01.7  50.0   21.6   39.40  50.00  46.82
 7     021.7  022.2  021.9  01.6   50.0   24.4   01.6   50.0   24.4   39.40  50.00  46.97
 8     021.4  022.3  021.9  -00.6  50.0   22.8   -00.6  50.0   22.8   39.40  50.00  47.26
 9     010.2  023.0  1356.3 01.1   50.0   2038.3 01.1   50.0   2038.0 39.40  50.00  3487.93
              
net#   simin  simax  siavg  cmin   cmax   cavg   fmin   fmax   favg   oxmin  oxmax  oxavg
 1     16.86  39.91  34.60  00.00  00.00  00.00  00.00  00.00  00.00  00.0   00.0   00.0
 2     16.86  40.30  32.13  00.00  00.00  00.00  00.00  00.00  00.00  00.0   00.0   00.0
 3     16.86  40.30  29.83  00.00  00.00  00.00  00.00  00.00  00.00  00.0   00.0   00.0
 4     16.86  40.29  27.63  00.00  00.00  00.00  00.00  00.00  00.00  00.0   00.0   00.0
 5     16.86  39.28  20.49  00.00  00.00  00.00  00.00  00.00  00.00  00.0   00.0   00.0
 6     16.86  40.40  31.73  00.00  00.00  00.00  00.00  00.00  00.00  00.0   00.0   00.0
 7     16.86  40.08  31.52  00.00  00.00  00.00  00.00  00.00  00.00  00.0   00.0   00.0
 8     16.86  40.31  32.16  00.00  00.00  00.00  00.00  00.00  00.00  00.0   00.0   00.0
 9     16.86  40.13  2296.1100.00  00.00  00.00  00.00  00.00  00.00  00.0   00.0   00.0
              
net#      irrmin        irrmax       irravg
 1     0.000000000 0.000000000 0.000000000
 2     0.000000000 0.000000000 0.000000000
 3     0.000000000 0.000000000 0.000000000
 4     0.000000000 0.000000000 0.000000000
 5     0.000000000 0.000000000 0.000000000
 6     0.000000000 0.000000000 0.000000000
 7     0.000000000 0.000000000 0.000000000
 8     0.000000000 0.000000000 0.000000000
 9     0.000000000 0.000000000 0.000000000
              
net#   amin   amax   aavg   spmin  spmax  spavg  armin  armax  aravg     #obs      vol
 1      48.0  53.0   49.3   02.0   02.3   02.2   -05.9 -02.2   -04.2     00029     00129
 2      49.0  54.0   50.2   02.0   02.3   02.2   -02.2 00.1    -00.9     00031     00129
 3      51.0  55.0   52.3   02.0   02.3   02.2   -01.0 00.5    -00.3     00032     00127
 4      50.0  55.0   51.6   02.0   02.3   02.3   -00.8 00.7    00.0      00064     00260
 5      50.0  54.0   52.2   02.0   02.3   02.3   -00.6 18.9    04.0      00037     00137
 6      50.0  53.0   51.2   02.0   02.3   02.3   -00.6 00.5    00.0      00030     00125
 7      47.0  50.0   47.7   02.0   02.3   02.2   -00.8 00.7    00.0      00028     00124
 8      48.0  56.0   50.1   02.0   02.3   02.2   -00.6 00.7    00.2      00031     00127
 9      43.0  49.0   3378.0 02.3   02.9   199.7  -02.0 04.5    158.6     00074     00395
              
net#   Yearday/Time  hh:mm:ss  pmin      pmax     pavg     #obs     vol
                   (NetOpenTime)
 1       175.791586  18:59:53  022.5    029.3    026.4    00029    00129
 2       175.792986  19:1:53   029.6    031.1    030.4    00031    00129
 3       175.794468  19:4:2    030.7    031.7    031.3    00032    00127
 4       175.796007  19:6:14   031.3    031.9    031.7    00064    00260
 5       175.799028  19:10:35  021.5    031.5    022.1    00037    00137
 6       175.800787  19:13:8   021.6    022.1    021.9    00030    00125
 7       175.802234  19:15:12  021.7    022.2    021.9    00028    00124
 8       175.803576  19:17:9   021.4    022.3    021.9    00031    00127
 9       175.805069  19:19:18  010.2    023.0    1356.3   00074    00395
 0       175.785880  18:51:39
