 Tow: 7WS-A   RVWS/WS15161
 Date: 22/06/2015
 Temperature Probe #  4762    Conductivity Probe #  710   Pressure Probe #  159
 Flow Meter Calibration  4.71 (m/count)  
                          MOCNESS STATISTICAL SUMMARY
              
net#   pmin   pmax   pavg   tmin   tmax   tavg   thmin  thmax  thavg  smin   smax   savg
 1     014.2  015.2  014.8  28.8   28.8   28.8   28.8   28.8   28.8   36.17  36.17  36.17
 2     013.7  014.8  014.1  28.8   28.8   28.8   28.8   28.8   28.8   36.17  36.17  36.17
 3     013.3  014.2  013.8  28.8   28.8   28.8   28.8   28.8   28.8   36.17  36.17  36.17
 4     013.4  014.3  013.8  28.8   28.8   28.8   28.8   28.8   28.8   36.17  36.17  36.17
 5     003.7  017.6  530.6  28.8   28.8   1267.8 28.8   28.8   1267.6 36.17  36.18  1591.62
              
net#   simin  simax  siavg  cmin   cmax   cavg   fmin   fmax   favg   oxmin  oxmax  oxavg
 1     23.02  23.02  23.02  00.00  00.00  00.00  00.00  00.00  00.00  00.0   00.0   00.0
 2     23.01  23.02  23.02  00.00  00.00  00.00  00.00  00.00  00.00  00.0   00.0   00.0
 3     23.01  23.02  23.02  00.00  00.00  00.00  00.00  00.00  00.00  00.0   00.0   00.0
 4     23.01  23.02  23.01  00.00  00.00  00.00  00.00  00.00  00.00  00.0   00.0   00.0
 5     23.00  23.02  1012.5000.00  00.00  00.00  00.00  00.00  00.00  00.0   00.0   00.0
              
net#      irrmin        irrmax       irravg
 1     0.000000000 0.000000000 0.000000000
 2     0.000000000 0.000000000 0.000000000
 3     0.000000000 0.000000000 0.000000000
 4     0.000000000 0.000000000 0.000000000
 5     0.000000000 0.000000000 0.000000000
              
net#   amin   amax   aavg   spmin  spmax  spavg  armin  armax  aravg     #obs      vol
 1      12.0  12.0   12.0   02.3   02.3   02.3   -01.4 01.7    00.0      00020     00615
 2      11.0  12.0   11.9   02.3   02.6   02.4   -01.4 01.5    00.3      00016     00522
 3      11.0  12.0   11.1   02.0   02.6   02.4   -00.3 01.7    00.6      00019     00621
 4      11.0  11.0   11.0   02.3   02.6   02.5   -00.8 00.4    -00.2     00018     00595
 5      09.0  11.0   445.0  02.6   03.1   129.9  -07.0 07.5    131.1     00044     01763
              
net#   Yearday/Time  hh:mm:ss  pmin      pmax     pavg     #obs     vol
                   (NetOpenTime)
 1       175.586389  14:4:24   014.2    015.2    014.8    00020    00615
 2       175.587361  14:5:47   013.7    014.8    014.1    00016    00522
 3       175.588160  14:6:56   013.3    014.2    013.8    00019    00621
 4       175.589086  14:8:17   013.4    014.3    013.8    00018    00595
 5       175.589965  14:9:32   003.7    017.6    530.6    00044    01763
 0       175.582940  13:59:26
