 Tow: 7WS   RVWS/WS15161
 Date: 24/06/2015
 Temperature Probe #  4762    Conductivity Probe #  710   Pressure Probe #  188
 Flow Meter Calibration  4.71 (m/count)  
                          MOCNESS STATISTICAL SUMMARY
              
net#   pmin   pmax   pavg   tmin   tmax   tavg   thmin  thmax  thavg  smin   smax   savg
 1     003.4  006.3  004.8  -00.9  50.0   16.6   -00.9  50.0   16.6   39.40  50.00  47.95
 2     006.5  008.9  007.7  01.4   50.0   11.2   01.4   50.0   11.2   39.40  50.00  49.66
 3     009.1  011.2  010.1  -00.9  50.0   25.6   -00.9  50.0   25.6   39.40  50.00  46.79
 4     011.1  012.1  011.7  00.7   50.0   25.6   00.7   50.0   25.6   39.40  50.00  46.92
 5     011.8  012.2  012.0  -00.1  50.0   32.5   -00.1  50.0   32.5   39.40  50.00  46.09
 6     011.6  012.2  011.8  01.9   50.0   29.8   01.9   50.0   29.8   39.40  50.00  47.02
 7     011.4  011.9  011.7  -01.2  50.0   41.7   -01.2  50.0   41.7   39.40  50.00  41.79
 8     011.4  012.0  011.7  -00.8  50.0   44.6   -00.8  50.0   44.6   39.40  50.00  40.77
 9     008.4  012.3  593.8  02.1   50.0   2602.1 02.1   50.0   2601.9 39.40  50.00  2098.72
              
net#   simin  simax  siavg  cmin   cmax   cavg   fmin   fmax   favg   oxmin  oxmax  oxavg
 1     16.86  40.34  34.26  00.00  00.00  00.00  00.00  00.00  00.00  00.0   00.0   00.0
 2     16.86  40.10  37.82  00.00  00.00  00.00  00.00  00.00  00.00  00.0   00.0   00.0
 3     16.86  40.34  31.10  00.00  00.00  00.00  00.00  00.00  00.00  00.0   00.0   00.0
 4     16.86  40.18  31.11  00.00  00.00  00.00  00.00  00.00  00.00  00.0   00.0   00.0
 5     16.86  40.26  28.42  00.00  00.00  00.00  00.00  00.00  00.00  00.0   00.0   00.0
 6     16.86  40.04  29.97  00.00  00.00  00.00  00.00  00.00  00.00  00.0   00.0   00.0
 7     16.86  40.36  21.60  00.00  00.00  00.00  00.00  00.00  00.00  00.0   00.0   00.0
 8     16.86  40.33  19.68  00.00  00.00  00.00  00.00  00.00  00.00  00.0   00.0   00.0
 9     16.86  40.02  916.91 00.00  00.00  00.00  00.00  00.00  00.00  00.0   00.0   00.0
              
net#      irrmin        irrmax       irravg
 1     0.000000000 0.000000000 0.000000000
 2     0.000000000 0.000000000 0.000000000
 3     0.000000000 0.000000000 0.000000000
 4     0.000000000 0.000000000 0.000000000
 5     0.000000000 0.000000000 0.000000000
 6     0.000000000 0.000000000 0.000000000
 7     0.000000000 0.000000000 0.000000000
 8     0.000000000 0.000000000 0.000000000
 9     0.000000000 0.000000000 0.000000000
              
net#   amin   amax   aavg   spmin  spmax  spavg  armin  armax  aravg     #obs      vol
 1      46.0  51.0   47.9   02.0   02.3   02.1   -02.0 -00.8   -01.4     00031     00131
 2      46.0  52.0   47.1   02.0   02.3   02.1   -02.2 -00.4   -01.3     00031     00128
 3      47.0  54.0   49.0   02.0   02.3   02.0   -01.6 -00.6   -01.0     00033     00127
 4      46.0  52.0   48.7   02.0   02.3   02.1   -01.2 00.4    -00.4     00031     00123
 5      47.0  54.0   49.0   02.0   02.3   02.1   -00.6 00.8    00.0      00065     00260
 6      48.0  54.0   49.6   02.0   02.3   02.1   -00.6 00.8    00.1      00032     00128
 7      44.0  49.0   45.1   02.0   02.3   02.1   -00.4 00.6    00.0      00031     00131
 8      46.0  55.0   47.5   02.0   02.3   02.1   -00.6 00.6    00.1      00031     00129
 9      36.0  58.0   2061.0 01.4   02.6   124.2  -01.0 02.7    39.1      00053     00268
              
net#   Yearday/Time  hh:mm:ss  pmin      pmax     pavg     #obs     vol
                   (NetOpenTime)
 1       175.831111  19:56:48  003.4    006.3    004.8    00031    00131
 2       175.832593  19:58:55  006.5    008.9    007.7    00031    00128
 3       175.834086  20:1:4    009.1    011.2    010.1    00033    00127
 4       175.835660  20:3:21   011.1    012.1    011.7    00031    00123
 5       175.837153  20:5:30   011.8    012.2    012.0    00065    00260
 6       175.840220  20:9:54   011.6    012.2    011.8    00032    00128
 7       175.841748  20:12:6   011.4    011.9    011.7    00031    00131
 8       175.843229  20:14:14  011.4    012.0    011.7    00031    00129
 9       175.844722  20:16:23  008.4    012.3    593.8    00053    00268
 0       175.827442  19:51:31
