 Tow: 8-ns-n-out   RVWS/WS15161
 Date: 13/06/2015
 Temperature Probe #  4762    Conductivity Probe #  710   Pressure Probe #  159
 Flow Meter Calibration  4.71 (m/count)  
                          MOCNESS STATISTICAL SUMMARY
              
net#   pmin   pmax   pavg   tmin   tmax   tavg   thmin  thmax  thavg  smin   smax   savg
 1     058.6  082.2  073.0  21.2   24.6   22.4   21.2   24.6   22.4   36.28  36.40  36.34
 2     038.7  058.0  048.3  24.8   27.4   26.5   24.7   27.4   26.5   36.25  36.33  36.29
 3     020.1  038.2  028.2  27.4   28.1   28.1   27.4   28.1   28.0   36.26  36.32  36.31
 4     003.8  019.6  974.0  28.1   28.1   2475.6 28.1   28.1   2475.4 36.30  36.30  3194.50
              
net#   simin  simax  siavg  cmin   cmax   cavg   fmin   fmax   favg   oxmin  oxmax  oxavg
 1     24.48  25.51  25.13  00.00  00.00  00.00  00.00  00.00  00.00  00.0   00.0   00.0
 2     23.57  24.43  23.85  00.00  00.00  00.00  00.00  00.00  00.00  00.0   00.0   00.0
 3     23.33  23.56  23.36  00.00  00.00  00.00  00.00  00.00  00.00  00.0   00.0   00.0
 4     23.33  23.34  2053.3200.00  00.00  00.00  00.00  00.00  00.00  00.0   00.0   00.0
              
net#      irrmin        irrmax       irravg
 1     0.000000000 0.000000000 0.000000000
 2     0.000000000 0.000000000 0.000000000
 3     0.000000000 0.000000000 0.000000000
 4     0.000000000 0.000000000 0.000000000
              
net#   amin   amax   aavg   spmin  spmax  spavg  armin  armax  aravg     #obs      vol
 1      43.0  53.0   45.8   01.4   02.0   01.8   -06.3 08.4    03.8      00080     01109
 2      45.0  60.0   47.6   01.7   02.3   02.1   04.4  07.0    05.8      00050     00747
 3      48.0  60.0   50.1   02.0   02.3   02.2   01.2  06.5    03.0      00094     01455
 4      46.0  60.0   4377.0 01.7   02.9   194.8  -04.2 04.7    218.0     00088     01415
              
net#   Yearday/Time  hh:mm:ss  pmin      pmax     pavg     #obs     vol
                   (NetOpenTime)
 1       165.051088  1:13:33   058.6    082.2    073.0    00080    01109
 2       165.054850  1:18:58   038.7    058.0    048.3    00050    00747
 3       165.057222  1:22:24   020.1    038.2    028.2    00094    01455
 4       165.061632  1:28:44   003.8    019.6    974.0    00088    01415
 5       164.466100  11:11:11
