 Tow: 8-ns-n-in   RVWS/WS15161
 Date: 13/06/2015
 Temperature Probe #  4762    Conductivity Probe #  710   Pressure Probe #  159
 Flow Meter Calibration  4.71 (m/count)  
                          MOCNESS STATISTICAL SUMMARY
              
net#   pmin   pmax   pavg   tmin   tmax   tavg   thmin  thmax  thavg  smin   smax   savg
 1     059.4  081.0  071.8  22.2   25.8   24.1   22.2   25.8   24.1   36.21  36.38  36.31
 2     039.2  058.4  048.0  26.0   27.8   27.2   26.0   27.8   27.2   36.21  36.29  36.26
 3     020.1  038.8  030.5  27.8   28.1   28.0   27.8   28.1   28.0   36.09  36.27  36.21
 4     003.4  020.0  955.2  28.1   28.1   2525.3 28.1   28.1   2525.1 36.09  36.10  3248.74
              
net#   simin  simax  siavg  cmin   cmax   cavg   fmin   fmax   favg   oxmin  oxmax  oxavg
 1     24.01  25.22  24.60  00.00  00.00  00.00  00.00  00.00  00.00  00.0   00.0   00.0
 2     23.40  23.98  23.60  00.00  00.00  00.00  00.00  00.00  00.00  00.0   00.0   00.0
 3     23.20  23.41  23.31  00.00  00.00  00.00  00.00  00.00  00.00  00.0   00.0   00.0
 4     23.20  23.21  2088.3300.00  00.00  00.00  00.00  00.00  00.00  00.0   00.0   00.0
              
net#      irrmin        irrmax       irravg
 1     0.000000000 0.000000000 0.000000000
 2     0.000000000 0.000000000 0.000000000
 3     0.000000000 0.000000000 0.000000000
 4     0.000000000 0.000000000 0.000000000
              
net#   amin   amax   aavg   spmin  spmax  spavg  armin  armax  aravg     #obs      vol
 1      47.0  56.0   50.2   01.7   02.3   02.1   -02.7 05.4    03.1      00098     01435
 2      46.0  61.0   50.6   02.0   02.6   02.3   03.2  07.4    05.6      00055     00846
 3      51.0  62.0   53.0   02.0   02.9   02.5   -00.4 03.9    02.2      00129     02167
 4      49.0  60.0   4787.0 02.3   02.9   232.0  00.2  04.3    255.3     00090     01561
              
net#   Yearday/Time  hh:mm:ss  pmin      pmax     pavg     #obs     vol
                   (NetOpenTime)
 1       165.155139  3:43:24   059.4    081.0    071.8    00098    01435
 2       165.159734  3:50:0    039.2    058.4    048.0    00055    00846
 3       165.162338  3:53:45   020.1    038.8    030.5    00129    02167
 4       165.168380  4:2:27    003.4    020.0    955.2    00090    01561
 5       164.466100  11:11:11
