 Tow: 8-ns-n-ed   RVWS/WS15161
 Date: 13/06/2015
 Temperature Probe #  4762    Conductivity Probe #  710   Pressure Probe #  159
 Flow Meter Calibration  4.71 (m/count)  
                          MOCNESS STATISTICAL SUMMARY
              
net#   pmin   pmax   pavg   tmin   tmax   tavg   thmin  thmax  thavg  smin   smax   savg
 1     059.1  081.3  069.7  21.4   25.9   23.4   21.4   25.8   23.3   36.24  36.36  36.32
 2     039.6  058.8  048.2  25.9   28.0   27.2   25.9   27.9   27.2   36.27  36.35  36.32
 3     019.7  039.2  031.3  28.0   28.2   28.1   28.0   28.2   28.0   36.17  36.35  36.31
 4     002.0  018.7  662.7  28.0   28.2   2199.2 28.0   28.2   2199.0 07.16  36.15  2760.21
              
net#   simin  simax  siavg  cmin   cmax   cavg   fmin   fmax   favg   oxmin  oxmax  oxavg
 1     24.05  25.41  24.83  00.00  00.00  00.00  00.00  00.00  00.00  00.0   00.0   00.0
 2     23.43  24.03  23.64  00.00  00.00  00.00  00.00  00.00  00.00  00.0   00.0   00.0
 3     23.21  23.42  23.37  00.00  00.00  00.00  00.00  00.00  00.00  00.0   00.0   00.0
 4     01.58  23.20  1765.0000.00  00.00  00.00  00.00  00.00  00.00  00.0   00.0   00.0
              
net#      irrmin        irrmax       irravg
 1     0.000000000 0.000000000 0.000000000
 2     0.000000000 0.000000000 0.000000000
 3     0.000000000 0.000000000 0.000000000
 4     0.000000000 0.000000000 0.000000000
              
net#   amin   amax   aavg   spmin  spmax  spavg  armin  armax  aravg     #obs      vol
 1      45.0  52.0   47.7   01.7   02.3   01.9   -03.3 07.8    03.8      00079     01104
 2      44.0  60.0   48.3   01.7   02.3   02.1   02.8  07.9    05.5      00054     00791
 3      46.0  57.0   50.1   02.0   02.3   02.2   -00.2 04.9    02.6      00114     01759
 4      48.0  62.0   4067.0 02.0   02.9   187.1  -05.0 06.7    254.8     00078     01270
              
net#   Yearday/Time  hh:mm:ss  pmin      pmax     pavg     #obs     vol
                   (NetOpenTime)
 1       165.103241  2:28:39   059.1    081.3    069.7    00079    01104
 2       165.106968  2:34:1    039.6    058.8    048.2    00054    00791
 3       165.109514  2:37:41   019.7    039.2    031.3    00114    01759
 4       165.114861  2:45:23   002.0    018.7    662.7    00078    01270
 5       164.466100  11:11:11
