 Tow: 8WM-A   RVWS/WS15161
 Date: 20/06/2015
 Temperature Probe #  4762    Conductivity Probe #  710   Pressure Probe #  159
 Flow Meter Calibration  4.71 (m/count)  
                          MOCNESS STATISTICAL SUMMARY
              
net#   pmin   pmax   pavg   tmin   tmax   tavg   thmin  thmax  thavg  smin   smax   savg
 1     029.8  030.4  030.1  28.3   28.4   28.3   28.3   28.3   28.3   36.17  36.18  36.18
 2     029.5  030.1  029.7  28.3   28.3   28.3   28.3   28.3   28.3   36.17  36.18  36.18
 3     028.9  029.7  029.2  28.3   28.4   28.4   28.3   28.4   28.3   36.15  36.17  36.16
 4     028.5  029.1  028.8  28.4   28.4   28.4   28.4   28.4   28.4   36.15  36.15  36.15
 5     003.0  031.9  1845.8 28.3   28.7   2734.0 28.3   28.7   2733.6 36.12  36.19  3469.78
              
net#   simin  simax  siavg  cmin   cmax   cavg   fmin   fmax   favg   oxmin  oxmax  oxavg
 1     23.17  23.17  23.17  00.00  00.00  00.00  00.00  00.00  00.00  00.0   00.0   00.0
 2     23.17  23.18  23.17  00.00  00.00  00.00  00.00  00.00  00.00  00.0   00.0   00.0
 3     23.14  23.16  23.16  00.00  00.00  00.00  00.00  00.00  00.00  00.0   00.0   00.0
 4     23.14  23.15  23.15  00.00  00.00  00.00  00.00  00.00  00.00  00.0   00.0   00.0
 5     23.03  23.19  2217.6500.00  00.00  00.00  00.00  00.00  00.00  00.0   00.0   00.0
              
net#      irrmin        irrmax       irravg
 1     0.000000000 0.000000000 0.000000000
 2     0.000000000 0.000000000 0.000000000
 3     0.000000000 0.000000000 0.000000000
 4     0.000000000 0.000000000 0.000000000
 5     0.000000000 0.000000000 0.000000000
              
net#   amin   amax   aavg   spmin  spmax  spavg  armin  armax  aravg     #obs      vol
 1      08.0  09.0   08.9   02.3   02.6   02.5   -00.9 00.7    -00.2     00015     00517
 2      07.0  54.0   10.5   02.3   02.6   02.5   -00.5 01.1    00.4      00015     00541
 3      07.0  09.0   07.5   02.3   02.9   02.6   -00.3 01.9    00.7      00014     00524
 4      07.0  57.0   11.4   02.6   02.9   02.7   -00.6 00.7    00.3      00014     00537
 5      06.0  08.0   673.0  02.9   03.7   325.0  -06.2 07.1    376.0     00096     04624
              
net#   Yearday/Time  hh:mm:ss  pmin      pmax     pavg     #obs     vol
                   (NetOpenTime)
 1       171.596030  14:18:16  029.8    030.4    030.1    00015    00517
 2       171.596782  14:19:21  029.5    030.1    029.7    00015    00541
 3       171.597523  14:20:25  028.9    029.7    029.2    00014    00524
 4       171.598218  14:21:26  028.5    029.1    028.8    00014    00537
 5       171.598912  14:22:26  003.0    031.9    1845.8   00096    04624
 0       171.590139  14:9:47 
