 Tow: 8WM   RVWS/WS15161
 Date: 20/06/2015
 Temperature Probe #  4762    Conductivity Probe #  710   Pressure Probe #  188
 Flow Meter Calibration  4.71 (m/count)  
                          MOCNESS STATISTICAL SUMMARY
              
net#   pmin   pmax   pavg   tmin   tmax   tavg   thmin  thmax  thavg  smin   smax   savg
 1     021.7  023.4  022.5  -00.7  50.0   29.4   -00.7  50.0   29.4   39.40  50.00  47.26
 2     023.5  024.3  024.0  03.8   50.0   32.2   03.8   50.0   32.2   39.40  50.00  46.34
 3     023.2  024.4  023.8  16.3   50.0   32.2   16.3   50.0   32.2   39.40  50.00  46.11
 4     023.1  023.8  023.5  10.0   50.0   18.2   10.0   50.0   18.2   39.40  50.00  49.09
 5     022.9  023.5  023.2  06.9   34.2   11.4   06.9   34.2   11.4   50.00  50.00  50.00
 6     022.0  023.2  022.6  05.2   50.0   12.1   05.2   50.0   12.1   39.40  50.00  48.97
 7     021.6  022.1  021.8  03.3   50.0   08.5   03.3   50.0   08.5   39.40  50.00  49.29
 8     020.9  021.8  021.3  01.7   50.0   05.8   01.7   50.0   05.8   39.40  50.00  49.65
 9     007.7  022.9  1659.7 -02.0  50.0   581.9  -02.0  50.0   581.8  39.40  50.00  4693.98
              
net#   simin  simax  siavg  cmin   cmax   cavg   fmin   fmax   favg   oxmin  oxmax  oxavg
 1     16.86  40.32  30.33  00.00  00.00  00.00  00.00  00.00  00.00  00.0   00.0   00.0
 2     16.86  39.79  28.72  00.00  00.00  00.00  00.00  00.00  00.00  00.0   00.0   00.0
 3     16.86  37.26  28.71  00.00  00.00  00.00  00.00  00.00  00.00  00.0   00.0   00.0
 4     16.86  38.72  35.61  00.00  00.00  00.00  00.00  00.00  00.00  00.0   00.0   00.0
 5     31.46  39.29  38.20  00.00  00.00  00.00  00.00  00.00  00.00  00.0   00.0   00.0
 6     16.86  39.59  36.78  00.00  00.00  00.00  00.00  00.00  00.00  00.0   00.0   00.0
 7     16.86  39.85  37.93  00.00  00.00  00.00  00.00  00.00  00.00  00.0   00.0   00.0
 8     16.86  40.06  38.84  00.00  00.00  00.00  00.00  00.00  00.00  00.0   00.0   00.0
 9     16.86  40.43  3615.2500.00  00.00  00.00  00.00  00.00  00.00  00.0   00.0   00.0
              
net#      irrmin        irrmax       irravg
 1     0.000000000 0.000000000 0.000000000
 2     0.000000000 0.000000000 0.000000000
 3     0.000000000 0.000000000 0.000000000
 4     0.000000000 0.000000000 0.000000000
 5     0.000000000 0.000000000 0.000000000
 6     0.000000000 0.000000000 0.000000000
 7     0.000000000 0.000000000 0.000000000
 8     0.000000000 0.000000000 0.000000000
 9     0.000000000 0.000000000 0.000000000
              
net#   amin   amax   aavg   spmin  spmax  spavg  armin  armax  aravg     #obs      vol
 1      50.0  55.0   51.1   02.3   02.6   02.4   -01.1 -00.4   -00.8     00031     00135
 2      51.0  53.0   51.1   02.3   02.6   02.4   -01.3 00.4    -00.5     00029     00130
 3      52.0  55.0   52.5   02.3   02.6   02.4   -00.6 01.0    00.4      00030     00129
 4      51.0  54.0   52.1   02.3   02.6   02.5   -01.0 00.8    00.0      00058     00257
 5      52.0  55.0   52.6   02.3   02.6   02.5   -00.6 01.0    00.1      00031     00137
 6      52.0  54.0   53.9   02.3   02.6   02.5   -00.4 00.8    00.4      00031     00133
 7      52.0  55.0   52.2   02.3   02.6   02.5   -00.2 01.0    00.2      00030     00134
 8      54.0  59.0   54.2   02.3   02.6   02.5   -00.4 01.2    00.3      00030     00128
 9      47.0  54.0   4704.0 02.6   03.1   275.0  -02.3 04.3    187.2     00096     00508
              
net#   Yearday/Time  hh:mm:ss  pmin      pmax     pavg     #obs     vol
                   (NetOpenTime)
 1       171.817049  19:36:33  021.7    023.4    022.5    00031    00135
 2       171.818530  19:38:40  023.5    024.3    024.0    00029    00130
 3       171.819931  19:40:41  023.2    024.4    023.8    00030    00129
 4       171.821366  19:42:46  023.1    023.8    023.5    00058    00257
 5       171.824109  19:46:42  022.9    023.5    023.2    00031    00137
 6       171.825602  19:48:51  022.0    023.2    022.6    00031    00133
 7       171.827083  19:51:0   021.6    022.1    021.8    00030    00134
 8       171.828519  19:53:4   020.9    021.8    021.3    00030    00128
 9       171.829965  19:55:8   007.7    022.9    1659.7   00096    00508
 0       171.809051  19:25:2 
