 Tow: 8WS-B   RVWS/WS15161
 Date: 20/06/2015
 Temperature Probe #  4762    Conductivity Probe #  710   Pressure Probe #  159
 Flow Meter Calibration  4.71 (m/count)  
                          MOCNESS STATISTICAL SUMMARY
              
net#   pmin   pmax   pavg   tmin   tmax   tavg   thmin  thmax  thavg  smin   smax   savg
 1     012.3  013.5  012.8  28.6   28.6   28.6   28.6   28.6   28.6   36.12  36.12  36.12
 2     011.9  012.4  012.1  28.6   28.6   28.6   28.6   28.6   28.6   36.12  36.12  36.12
 3     012.1  012.5  012.2  28.6   28.6   28.6   28.6   28.6   28.6   36.12  36.13  36.13
 4     012.0  013.1  012.4  28.6   28.6   28.6   28.6   28.6   28.6   36.12  36.13  36.13
 5     002.3  015.9  590.8  28.4   29.2   1660.5 28.4   29.2   1660.3 36.11  36.14  2095.41
              
net#   simin  simax  siavg  cmin   cmax   cavg   fmin   fmax   favg   oxmin  oxmax  oxavg
 1     23.04  23.04  23.04  00.00  00.00  00.00  00.00  00.00  00.00  00.0   00.0   00.0
 2     23.04  23.04  23.04  00.00  00.00  00.00  00.00  00.00  00.00  00.0   00.0   00.0
 3     23.04  23.04  23.04  00.00  00.00  00.00  00.00  00.00  00.00  00.0   00.0   00.0
 4     23.04  23.04  23.04  00.00  00.00  00.00  00.00  00.00  00.00  00.0   00.0   00.0
 5     22.85  23.11  1336.2200.00  00.00  00.00  00.00  00.00  00.00  00.0   00.0   00.0
              
net#      irrmin        irrmax       irravg
 1     0.000000000 0.000000000 0.000000000
 2     0.000000000 0.000000000 0.000000000
 3     0.000000000 0.000000000 0.000000000
 4     0.000000000 0.000000000 0.000000000
 5     0.000000000 0.000000000 0.000000000
              
net#   amin   amax   aavg   spmin  spmax  spavg  armin  armax  aravg     #obs      vol
 1      12.0  12.0   12.0   02.6   02.9   02.8   00.4  02.1    01.2      00015     00548
 2      12.0  12.0   12.0   02.9   03.1   02.9   -00.4 01.1    00.4      00014     00521
 3      12.0  12.0   12.0   02.6   03.1   02.9   -00.8 00.6    -00.1     00013     00524
 4      12.0  12.0   12.0   02.9   03.1   02.9   -01.6 00.4    -00.4     00013     00525
 5      10.0  12.0   638.0  03.1   04.0   216.9  -06.4 06.3    147.0     00058     02920
              
net#   Yearday/Time  hh:mm:ss  pmin      pmax     pavg     #obs     vol
                   (NetOpenTime)
 1       171.714664  17:9:7    012.3    013.5    012.8    00015    00548
 2       171.715405  17:10:10  011.9    012.4    012.1    00014    00521
 3       171.716100  17:11:10  012.1    012.5    012.2    00013    00524
 4       171.716748  17:12:6   012.0    013.1    012.4    00013    00525
 5       171.717407  17:13:3   002.3    015.9    590.8    00058    02920
 0       171.710995  17:3:49 
