 Tow: 9-ns-n-in   RVWS/WS15161
 Date: 14/06/2015
 Temperature Probe #  4762    Conductivity Probe #  710   Pressure Probe #  159
 Flow Meter Calibration  4.71 (m/count)  
                          MOCNESS STATISTICAL SUMMARY
              
net#   pmin   pmax   pavg   tmin   tmax   tavg   thmin  thmax  thavg  smin   smax   savg
 1     059.2  079.6  069.7  22.5   25.7   24.0   22.5   25.7   24.0   36.25  36.34  36.30
 2     039.9  058.8  048.5  25.7   27.8   27.3   25.7   27.8   27.2   36.19  36.36  36.30
 3     020.1  039.0  030.2  27.8   28.1   28.0   27.8   28.1   28.0   36.09  36.33  36.26
 4     002.2  019.7  961.6  28.1   28.1   2637.6 28.0   28.1   2637.4 36.06  36.09  3392.37
              
net#   simin  simax  siavg  cmin   cmax   cavg   fmin   fmax   favg   oxmin  oxmax  oxavg
 1     24.12  25.07  24.63  00.00  00.00  00.00  00.00  00.00  00.00  00.0   00.0   00.0
 2     23.46  24.11  23.62  00.00  00.00  00.00  00.00  00.00  00.00  00.0   00.0   00.0
 3     23.20  23.46  23.34  00.00  00.00  00.00  00.00  00.00  00.00  00.0   00.0   00.0
 4     23.18  23.20  2180.5500.00  00.00  00.00  00.00  00.00  00.00  00.0   00.0   00.0
              
net#      irrmin        irrmax       irravg
 1     0.000000000 0.000000000 0.000000000
 2     0.000000000 0.000000000 0.000000000
 3     0.000000000 0.000000000 0.000000000
 4     0.000000000 0.000000000 0.000000000
              
net#   amin   amax   aavg   spmin  spmax  spavg  armin  armax  aravg     #obs      vol
 1      47.0  55.0   49.5   02.0   02.3   02.1   -00.5 05.2    03.2      00088     01339
 2      47.0  60.0   50.3   02.0   02.6   02.3   03.0  07.0    04.8      00061     00959
 3      48.0  62.0   51.0   02.0   02.6   02.5   00.8  04.7    03.0      00096     01643
 4      49.0  58.0   4905.0 02.3   02.9   239.5  -01.0 04.9    266.6     00094     01643
              
net#   Yearday/Time  hh:mm:ss  pmin      pmax     pavg     #obs     vol
                   (NetOpenTime)
 1       165.218171  5:14:10   059.2    079.6    069.7    00088    01339
 2       165.222315  5:20:7    039.9    058.8    048.5    00061    00959
 3       165.225197  5:24:16   020.1    039.0    030.2    00096    01643
 4       165.229699  5:30:46   002.2    019.7    961.6    00094    01643
 5       164.466100  11:11:11
