 Tow: 9WM-A   RVWS/WS15161
 Date: 21/06/2015
 Temperature Probe #  4762    Conductivity Probe #  710   Pressure Probe #  159
 Flow Meter Calibration  4.71 (m/count)  
                          MOCNESS STATISTICAL SUMMARY
              
net#   pmin   pmax   pavg   tmin   tmax   tavg   thmin  thmax  thavg  smin   smax   savg
 1     014.4  015.0  014.7  27.9   28.0   27.9   27.9   28.0   27.9   36.15  36.16  36.15
 2     013.8  014.4  014.2  27.9   27.9   27.9   27.9   27.9   27.9   36.14  36.15  36.15
 3     012.9  013.9  013.3  28.0   28.1   28.1   28.0   28.1   28.1   36.12  36.13  36.13
 4     013.9  014.6  014.3  27.5   28.0   27.7   27.5   28.0   27.7   36.14  36.22  36.18
 5     003.0  027.1  1434.0 27.0   28.6   2806.8 27.0   28.6   2806.5 35.97  36.27  3610.11
              
net#   simin  simax  siavg  cmin   cmax   cavg   fmin   fmax   favg   oxmin  oxmax  oxavg
 1     23.27  23.31  23.30  00.00  00.00  00.00  00.00  00.00  00.00  00.0   00.0   00.0
 2     23.28  23.30  23.30  00.00  00.00  00.00  00.00  00.00  00.00  00.0   00.0   00.0
 3     23.21  23.26  23.23  00.00  00.00  00.00  00.00  00.00  00.00  00.0   00.0   00.0
 4     23.27  23.46  23.37  00.00  00.00  00.00  00.00  00.00  00.00  00.0   00.0   00.0
 5     22.93  23.67  2320.2900.00  00.00  00.00  00.00  00.00  00.00  00.0   00.0   00.0
              
net#      irrmin        irrmax       irravg
 1     0.000000000 0.000000000 0.000000000
 2     0.000000000 0.000000000 0.000000000
 3     0.000000000 0.000000000 0.000000000
 4     0.000000000 0.000000000 0.000000000
 5     0.000000000 0.000000000 0.000000000
              
net#   amin   amax   aavg   spmin  spmax  spavg  armin  armax  aravg     #obs      vol
 1      05.0  06.0   05.1   02.6   02.6   02.6   -01.6 01.0    00.0      00013     00514
 2      05.0  19.0   06.4   02.3   02.9   02.6   00.0  01.0    00.4      00014     00537
 3      05.0  06.0   05.1   02.6   02.9   02.6   -00.6 02.1    00.9      00015     00578
 4      05.0  05.0   05.0   02.3   02.9   02.6   -02.0 00.2    -01.1     00015     00623
 5      02.0  49.0   455.0  02.9   03.7   343.0  -30.8 07.7    162.5     00100     05177
              
net#   Yearday/Time  hh:mm:ss  pmin      pmax     pavg     #obs     vol
                   (NetOpenTime)
 1       172.595000  14:16:47  014.4    015.0    014.7    00013    00514
 2       172.595648  14:17:43  013.8    014.4    014.2    00014    00537
 3       172.596343  14:18:44  012.9    013.9    013.3    00015    00578
 4       172.597083  14:19:47  013.9    014.6    014.3    00015    00623
 5       172.597836  14:20:53  003.0    027.1    1434.0   00100    05177
 0       172.587014  14:5:17 
