 Tow: 9WM-B   RVWS/WS15161
 Date: 21/06/2015
 Temperature Probe #  4762    Conductivity Probe #  710   Pressure Probe #  159
 Flow Meter Calibration  4.71 (m/count)  
                          MOCNESS STATISTICAL SUMMARY
              
net#   pmin   pmax   pavg   tmin   tmax   tavg   thmin  thmax  thavg  smin   smax   savg
 1     029.9  030.8  030.4  27.7   28.0   27.9   27.7   28.0   27.9   36.13  36.20  36.17
 2     028.7  030.1  029.3  27.7   28.1   28.0   27.7   28.1   28.0   36.12  36.21  36.15
 3     028.5  029.4  028.8  28.0   28.1   28.1   28.0   28.1   28.1   36.13  36.15  36.14
 4     028.1  028.8  028.4  27.8   27.9   27.9   27.8   27.9   27.8   36.17  36.19  36.18
 5     003.3  032.3  1898.4 27.1   28.7   2819.2 27.1   28.7   2818.7 36.03  36.24  3610.04
              
net#   simin  simax  siavg  cmin   cmax   cavg   fmin   fmax   favg   oxmin  oxmax  oxavg
 1     23.24  23.39  23.32  00.00  00.00  00.00  00.00  00.00  00.00  00.0   00.0   00.0
 2     23.21  23.39  23.27  00.00  00.00  00.00  00.00  00.00  00.00  00.0   00.0   00.0
 3     23.21  23.25  23.23  00.00  00.00  00.00  00.00  00.00  00.00  00.0   00.0   00.0
 4     23.31  23.36  23.33  00.00  00.00  00.00  00.00  00.00  00.00  00.0   00.0   00.0
 5     22.95  23.62  2316.2300.00  00.00  00.00  00.00  00.00  00.00  00.0   00.0   00.0
              
net#      irrmin        irrmax       irravg
 1     0.000000000 0.000000000 0.000000000
 2     0.000000000 0.000000000 0.000000000
 3     0.000000000 0.000000000 0.000000000
 4     0.000000000 0.000000000 0.000000000
 5     0.000000000 0.000000000 0.000000000
              
net#   amin   amax   aavg   spmin  spmax  spavg  armin  armax  aravg     #obs      vol
 1      06.0  06.0   06.0   02.3   02.6   02.4   -00.9 01.7    00.3      00016     00572
 2      06.0  06.0   06.0   02.3   02.6   02.6   00.3  01.7    00.9      00016     00569
 3      06.0  06.0   06.0   02.3   02.6   02.5   -01.3 01.1    00.2      00015     00573
 4      06.0  06.0   06.0   02.6   02.9   02.6   -00.1 01.9    00.7      00013     00503
 5      04.0  08.0   615.0  02.9   03.4   327.6  -07.4 06.7    372.8     00100     04723
              
net#   Yearday/Time  hh:mm:ss  pmin      pmax     pavg     #obs     vol
                   (NetOpenTime)
 1       172.632164  15:10:19  029.9    030.8    030.4    00016    00572
 2       172.632951  15:11:26  028.7    030.1    029.3    00016    00569
 3       172.633738  15:12:35  028.5    029.4    028.8    00015    00573
 4       172.634479  15:13:38  028.1    028.8    028.4    00013    00503
 5       172.635139  15:14:35  003.3    032.3    1898.4   00100    04723
 0       172.625521  15:0:44 
