 Tow: 9WM   RVWS/WS15161
 Date: 21/06/2015
 Temperature Probe #  4762    Conductivity Probe #  710   Pressure Probe #  188
 Flow Meter Calibration  4.71 (m/count)  
                          MOCNESS STATISTICAL SUMMARY
              
net#   pmin   pmax   pavg   tmin   tmax   tavg   thmin  thmax  thavg  smin   smax   savg
 1     025.0  028.0  026.6  02.0   50.0   31.4   02.0   50.0   31.4   39.40  50.00  47.02
 2     027.2  027.9  027.6  01.2   50.0   24.7   01.2   50.0   24.7   39.40  50.00  48.34
 3     027.2  029.1  028.1  16.2   50.0   27.2   16.2   50.0   27.2   39.39  50.00  47.61
 4     027.6  029.6  028.8  04.0   50.0   20.2   04.0   50.0   20.2   39.39  50.00  48.51
 5     027.8  029.2  028.5  07.2   50.0   14.5   07.2   50.0   14.5   39.39  50.00  49.70
 6     028.2  029.1  028.6  07.0   50.0   11.4   07.0   50.0   11.4   39.39  50.00  49.36
 7     028.4  030.4  029.5  06.9   50.0   10.0   06.9   50.0   10.0   39.39  50.00  49.68
 8     028.2  030.3  029.1  05.5   50.0   12.8   05.5   50.0   12.8   39.39  50.00  49.34
 9     009.0  032.3  1921.7 01.9   50.0   596.4  01.9   50.0   596.2  39.39  50.00  4278.79
              
net#   simin  simax  siavg  cmin   cmax   cavg   fmin   fmax   favg   oxmin  oxmax  oxavg
 1     16.86  40.03  29.79  00.00  00.00  00.00  00.00  00.00  00.00  00.0   00.0   00.0
 2     16.86  40.12  33.03  00.00  00.00  00.00  00.00  00.00  00.00  00.0   00.0   00.0
 3     16.86  37.30  31.66  00.00  00.00  00.00  00.00  00.00  00.00  00.0   00.0   00.0
 4     16.86  39.76  34.47  00.00  00.00  00.00  00.00  00.00  00.00  00.0   00.0   00.0
 5     16.86  39.24  37.11  00.00  00.00  00.00  00.00  00.00  00.00  00.0   00.0   00.0
 6     16.86  39.28  37.56  00.00  00.00  00.00  00.00  00.00  00.00  00.0   00.0   00.0
 7     16.86  39.30  38.14  00.00  00.00  00.00  00.00  00.00  00.00  00.0   00.0   00.0
 8     16.86  39.52  36.99  00.00  00.00  00.00  00.00  00.00  00.00  00.0   00.0   00.0
 9     16.86  40.04  3339.8500.00  00.00  00.00  00.00  00.00  00.00  00.0   00.0   00.0
              
net#      irrmin        irrmax       irravg
 1     0.000000000 0.000000000 0.000000000
 2     0.000000000 0.000000000 0.000000000
 3     0.000000000 0.000000000 0.000000000
 4     0.000000000 0.000000000 0.000000000
 5     0.000000000 0.000000000 0.000000000
 6     0.000000000 0.000000000 0.000000000
 7     0.000000000 0.000000000 0.000000000
 8     0.000000000 0.000000000 0.000000000
 9     0.000000000 0.000000000 0.000000000
              
net#   amin   amax   aavg   spmin  spmax  spavg  armin  armax  aravg     #obs      vol
 1      44.0  51.0   45.1   02.0   02.3   02.1   -04.3 -00.8   -01.8     00032     00138
 2      46.0  48.0   47.5   02.0   02.3   02.2   -01.2 01.0    -00.1     00032     00134
 3      46.0  55.0   47.5   02.0   02.3   02.1   -01.5 01.0    -00.6     00031     00130
 4      47.0  57.0   48.1   02.0   02.3   02.1   -00.8 01.4    00.3      00064     00259
 5      48.0  52.0   49.2   02.0   02.3   02.1   -01.2 00.2    -00.5     00035     00139
 6      47.0  49.0   48.1   02.0   02.3   02.1   -00.6 01.0    00.3      00033     00132
 7      44.0  50.0   44.7   01.7   02.3   02.0   -01.5 -00.2   -00.8     00033     00137
 8      46.0  48.0   46.4   02.0   02.3   02.1   00.0  01.8    00.9      00032     00130
 9      35.0  52.0   3583.0 02.0   02.6   210.3  -05.4 05.9    278.2     00086     00435
              
net#   Yearday/Time  hh:mm:ss  pmin      pmax     pavg     #obs     vol
                   (NetOpenTime)
 1       172.832766  19:59:11  025.0    028.0    026.6    00032    00138
 2       172.834294  20:1:23   027.2    027.9    027.6    00032    00134
 3       172.835833  20:3:35   027.2    029.1    028.1    00031    00130
 4       172.837315  20:5:44   027.6    029.6    028.8    00064    00259
 5       172.840336  20:10:5   027.8    029.2    028.5    00035    00139
 6       172.842014  20:12:30  028.2    029.1    028.6    00033    00132
 7       172.843588  20:14:45  028.4    030.4    029.5    00033    00137
 8       172.845174  20:17:2   028.2    030.3    029.1    00032    00130
 9       172.846701  20:19:14  009.0    032.3    1921.7   00086    00435
 10      172.805729  19:20:14
