 Tow: 9WS-A   RVWS/WS15161
 Date: 21/06/2015
 Temperature Probe #  4762    Conductivity Probe #  710   Pressure Probe #  159
 Flow Meter Calibration  4.71 (m/count)  
                          MOCNESS STATISTICAL SUMMARY
              
net#   pmin   pmax   pavg   tmin   tmax   tavg   thmin  thmax  thavg  smin   smax   savg
 1     014.4  015.0  014.5  28.5   28.5   28.5   28.5   28.5   28.5   36.02  36.03  36.02
 2     013.9  014.8  014.4  28.5   28.5   28.5   28.5   28.5   28.5   36.01  36.03  36.02
 3     013.9  014.5  014.1  28.5   28.5   28.5   28.5   28.5   28.5   36.01  36.02  36.01
 4     013.8  014.6  014.1  28.5   28.5   28.5   28.5   28.5   28.5   36.02  36.02  36.02
 5     002.5  016.8  467.7  28.5   28.9   1286.5 28.5   28.9   1286.4 35.99  36.03  1620.83
              
net#   simin  simax  siavg  cmin   cmax   cavg   fmin   fmax   favg   oxmin  oxmax  oxavg
 1     23.00  23.01  23.01  00.00  00.00  00.00  00.00  00.00  00.00  00.0   00.0   00.0
 2     22.99  23.01  23.00  00.00  00.00  00.00  00.00  00.00  00.00  00.0   00.0   00.0
 3     22.99  23.00  22.99  00.00  00.00  00.00  00.00  00.00  00.00  00.0   00.0   00.0
 4     22.99  23.00  22.99  00.00  00.00  00.00  00.00  00.00  00.00  00.0   00.0   00.0
 5     22.84  23.01  1033.6300.00  00.00  00.00  00.00  00.00  00.00  00.0   00.0   00.0
              
net#      irrmin        irrmax       irravg
 1     0.000000000 0.000000000 0.000000000
 2     0.000000000 0.000000000 0.000000000
 3     0.000000000 0.000000000 0.000000000
 4     0.000000000 0.000000000 0.000000000
 5     0.000000000 0.000000000 0.000000000
              
net#   amin   amax   aavg   spmin  spmax  spavg  armin  armax  aravg     #obs      vol
 1      06.0  06.0   06.0   02.6   02.9   02.6   -01.1 00.1    -00.4     00013     00508
 2      06.0  06.0   06.0   02.6   02.9   02.7   -00.5 01.7    00.5      00013     00538
 3      06.0  06.0   06.0   02.6   02.9   02.7   -00.7 00.9    00.2      00013     00505
 4      06.0  06.0   06.0   02.6   02.9   02.8   -00.9 01.3    -00.1     00013     00541
 5      05.0  07.0   258.0  02.9   03.7   159.6  -05.3 06.8    160.3     00045     02352
              
net#   Yearday/Time  hh:mm:ss  pmin      pmax     pavg     #obs     vol
                   (NetOpenTime)
 1       172.660150  15:50:36  014.4    015.0    014.5    00013    00508
 2       172.660799  15:51:33  013.9    014.8    014.4    00013    00538
 3       172.661447  15:52:29  013.9    014.5    014.1    00013    00505
 4       172.662106  15:53:25  013.8    014.6    014.1    00013    00541
 5       172.662755  15:54:21  002.5    016.8    467.7    00045    02352
 0       172.656204  15:44:56
