 Tow: 9WS-B   RVWS/WS15161
 Date: 21/06/2015
 Temperature Probe #  4762    Conductivity Probe #  710   Pressure Probe #  159
 Flow Meter Calibration  4.71 (m/count)  
                          MOCNESS STATISTICAL SUMMARY
              
net#   pmin   pmax   pavg   tmin   tmax   tavg   thmin  thmax  thavg  smin   smax   savg
 1     014.4  015.3  014.7  28.5   28.5   28.5   28.5   28.5   28.5   36.05  36.05  36.05
 2     014.4  015.0  014.6  28.5   28.5   28.5   28.5   28.5   28.5   36.05  36.06  36.05
 3     014.1  014.7  014.4  28.5   28.6   28.6   28.5   28.6   28.5   36.03  36.06  36.04
 4     013.9  014.4  014.1  28.5   28.6   28.6   28.5   28.6   28.5   36.03  36.04  36.03
 5     003.3  017.1  513.1  28.5   28.9   1373.0 28.5   28.9   1372.9 35.98  36.08  1728.99
              
net#   simin  simax  siavg  cmin   cmax   cavg   fmin   fmax   favg   oxmin  oxmax  oxavg
 1     23.01  23.02  23.02  00.00  00.00  00.00  00.00  00.00  00.00  00.0   00.0   00.0
 2     23.01  23.02  23.01  00.00  00.00  00.00  00.00  00.00  00.00  00.0   00.0   00.0
 3     22.99  23.01  23.00  00.00  00.00  00.00  00.00  00.00  00.00  00.0   00.0   00.0
 4     22.99  23.00  22.99  00.00  00.00  00.00  00.00  00.00  00.00  00.0   00.0   00.0
 5     22.83  23.04  1102.3700.00  00.00  00.00  00.00  00.00  00.00  00.0   00.0   00.0
              
net#      irrmin        irrmax       irravg
 1     0.000000000 0.000000000 0.000000000
 2     0.000000000 0.000000000 0.000000000
 3     0.000000000 0.000000000 0.000000000
 4     0.000000000 0.000000000 0.000000000
 5     0.000000000 0.000000000 0.000000000
              
net#   amin   amax   aavg   spmin  spmax  spavg  armin  armax  aravg     #obs      vol
 1      06.0  07.0   06.1   02.3   02.6   02.5   -01.1 00.3    -00.3     00014     00507
 2      06.0  07.0   06.1   02.3   02.6   02.5   -00.9 01.5    00.2      00014     00537
 3      06.0  06.0   06.0   02.6   02.9   02.6   -00.5 01.3    00.3      00013     00505
 4      06.0  06.0   06.0   02.6   02.9   02.7   -00.5 01.1    00.3      00013     00505
 5      04.0  07.0   271.0  02.9   03.7   168.2  -06.0 07.1    155.7     00048     02460
              
net#   Yearday/Time  hh:mm:ss  pmin      pmax     pavg     #obs     vol
                   (NetOpenTime)
 1       172.692454  16:37:7   014.4    015.3    014.7    00014    00507
 2       172.693148  16:38:7   014.4    015.0    014.6    00014    00537
 3       172.693843  16:39:7   014.1    014.7    014.4    00013    00505
 4       172.694502  16:40:5   013.9    014.4    014.1    00013    00505
 5       172.695150  16:41:0   003.3    017.1    513.1    00048    02460
 0       172.689340  16:32:38
