 Tow: 2-ns-n-out   RVWS/WS15161
 Date: 11/06/2015
 Temperature Probe #  4762    Conductivity Probe #  710   Pressure Probe #  159
 Flow Meter Calibration  4.71 (m/count)  
                          MOCNESS STATISTICAL SUMMARY
              
net#   pmin   pmax   pavg   tmin   tmax   tavg   thmin  thmax  thavg  smin   smax   savg
 1     056.2  080.1  071.3  21.4   25.9   23.0   21.4   25.8   23.0   36.25  36.42  36.38
 2     040.5  055.6  047.0  25.9   27.7   27.2   25.9   27.7   27.2   36.31  36.39  36.35
 3     018.6  040.3  031.5  27.8   28.1   27.9   27.8   28.1   27.9   36.34  36.39  36.38
 4     002.8  017.8  361.3  28.2   28.2   1014.2 28.2   28.2   1014.1 36.29  36.32  1306.73
              
net#   simin  simax  siavg  cmin   cmax   cavg   fmin   fmax   favg   oxmin  oxmax  oxavg
 1     24.09  25.46  24.97  00.00  00.00  00.00  00.00  00.00  00.00  00.0   00.0   00.0
 2     23.52  24.07  23.66  00.00  00.00  00.00  00.00  00.00  00.00  00.0   00.0   00.0
 3     23.36  23.51  23.45  00.00  00.00  00.00  00.00  00.00  00.00  00.0   00.0   00.0
 4     23.31  23.34  839.43 00.00  00.00  00.00  00.00  00.00  00.00  00.0   00.0   00.0
              
net#      irrmin        irrmax       irravg
 1     0.000000000 0.000000000 0.000000000
 2     0.000000000 0.000000000 0.000000000
 3     0.000000000 0.000000000 0.000000000
 4     0.000000000 0.000000000 0.000000000
              
net#   amin   amax   aavg   spmin  spmax  spavg  armin  armax  aravg     #obs      vol
 1      39.0  48.0   42.9   01.4   02.0   01.8   -00.9 08.8    03.5      00097     01439
 2      38.0  50.0   42.5   01.4   02.0   01.8   02.0  08.2    04.6      00050     00708
 3      39.0  49.0   41.8   01.7   02.3   01.9   00.4  07.1    03.5      00090     01447
 4      37.0  50.0   1535.0 02.0   02.3   79.8   04.5  08.5    229.2     00036     00625
              
net#   Yearday/Time  hh:mm:ss  pmin      pmax     pavg     #obs     vol
                   (NetOpenTime)
 1       163.130451  3:7:51    056.2    080.1    071.3    00097    01439
 2       163.135000  3:14:24   040.5    055.6    047.0    00050    00708
 3       163.137373  3:17:48   018.6    040.3    031.5    00090    01447
 4       163.141597  3:23:53   002.8    017.8    361.3    00036    00625
 5       163.028958  0:41:41 
