 Tow: M-01-004   RVWS/WS1405
 Date: 05/02/2014
 Temperature Probe #  2597    Conductivity Probe #  2870   Pressure Probe #  109
 Flow Meter Calibration  4.71 (m/count)  
                          MOCNESS STATISTICAL SUMMARY
              
net#   pmin   pmax   pavg   tmin   tmax   tavg   thmin  thmax  thavg  smin   smax   savg
 1     039.7  049.2  044.9  22.8   23.3   23.2   22.8   23.3   23.2   36.29  36.37  36.34
 2     029.8  039.8  035.5  23.4   23.5   23.4   23.3   23.5   23.4   36.32  36.36  36.35
 3     020.8  029.0  023.9  23.5   24.1   23.9   23.5   24.1   23.9   36.25  36.32  36.28
 4     009.7  020.9  015.1  24.2   24.8   24.7   24.2   24.8   24.7   36.27  36.31  36.30
 5     000.4  010.3  381.6  22.6   24.8   2017.8 22.6   24.8   2017.8 12.32  50.00  3000.83
              
net#   simin  simax  siavg  cmin   cmax   cavg   fmin   fmax   favg   oxmin  oxmax  oxavg
 1     24.86  25.00  24.90  00.00  00.00  00.00  00.00  00.00  00.00  00.0   00.0   00.0
 2     24.78  24.86  24.84  00.00  00.00  00.00  00.00  00.00  00.00  00.0   00.0   00.0
 3     24.56  24.78  24.63  00.00  00.00  00.00  00.00  00.00  00.00  00.0   00.0   00.0
 4     24.39  24.56  24.43  00.00  00.00  00.00  00.00  00.00  00.00  00.0   00.0   00.0
 5     06.42  35.49  2023.6700.00  00.00  00.00  00.00  00.00  00.00  00.0   00.0   00.0
              
net#      irrmin        irrmax       irravg
 1     0.000000000 0.000000000 0.000000000
 2     0.000000000 0.000000000 0.000000000
 3     0.000000000 0.000000000 0.000000000
 4     0.000000000 0.000000000 0.000000000
 5     0.000000000 0.000000000 0.000000000
              
net#   amin   amax   aavg   spmin  spmax  spavg  armin  armax  aravg     #obs      vol
 1      32.0  43.0   37.3   02.3   03.4   02.8   -06.3 13.6    01.3      00092     00584
 2      29.0  39.0   34.6   02.0   02.9   02.6   00.0  07.0    02.5      00060     00360
 3      25.0  38.0   33.5   02.0   03.1   02.6   -02.4 08.2    02.5      00051     00322
 4      34.0  49.0   39.9   02.9   03.7   03.3   -02.0 07.4    03.0      00051     00375
 5      14.0  48.0   3315.0 00.6   04.0   244.6  -03.2 07.2    154.6     00082     00506
              
net#   Yearday/Time  hh:mm:ss  pmin      pmax     pavg     #obs     vol
                   (NetOpenTime)
 1       122.356759  8:33:44   039.7    049.2    044.9    00092    00584
 2       122.361076  8:39:57   029.8    039.8    035.5    00060    00360
 3       122.363912  8:44:1    020.8    029.0    023.9    00051    00322
 4       122.366331  8:47:31   009.7    020.9    015.1    00051    00375
 5       122.368750  8:51:0    000.4    010.3    381.6    00082    00506
 6       121.652188  15:39:9 
