 Tow: 1Em-A   RVWS/WS1406
 Date: 05/29/2014
 Temperature Probe #  2597    Conductivity Probe #  2870   Pressure Probe #  109
 Flow Meter Calibration  4.71 (m/count)  
                          MOCNESS STATISTICAL SUMMARY
              
net#   pmin   pmax   pavg   tmin   tmax   tavg   thmin  thmax  thavg  smin   smax   savg
 1     026.8  029.2  028.3  27.0   27.1   27.0   27.0   27.1   27.0   36.30  36.32  36.31
 2     024.5  026.5  025.5  27.2   27.2   27.2   27.2   27.2   27.2   36.32  36.35  36.34
 3     024.0  026.0  024.6  27.2   27.3   27.2   27.2   27.2   27.2   36.32  36.35  36.35
 4     027.0  031.2  029.7  27.0   27.2   27.1   27.0   27.2   27.1   36.32  36.35  36.33
 5     000.6  031.3  543.3  27.0   27.3   843.9  27.0   27.3   843.8  36.28  36.35  1126.20
              
net#   simin  simax  siavg  cmin   cmax   cavg   fmin   fmax   favg   oxmin  oxmax  oxavg
 1     23.66  23.72  23.70  00.00  00.00  00.00  00.00  00.00  00.00  00.0   00.0   00.0
 2     23.65  23.67  23.66  00.00  00.00  00.00  00.00  00.00  00.00  00.0   00.0   00.0
 3     23.63  23.66  23.66  00.00  00.00  00.00  00.00  00.00  00.00  00.0   00.0   00.0
 4     23.66  23.71  23.69  00.00  00.00  00.00  00.00  00.00  00.00  00.0   00.0   00.0
 5     23.59  23.72  733.18 00.00  00.00  00.00  00.00  00.00  00.00  00.0   00.0   00.0
              
net#      irrmin        irrmax       irravg
 1     0.000000000 0.000000000 0.000000000
 2     0.000000000 0.000000000 0.000000000
 3     0.000000000 0.000000000 0.000000000
 4     0.000000000 0.000000000 0.000000000
 5     0.000000000 0.000000000 0.000000000
              
net#   amin   amax   aavg   spmin  spmax  spavg  armin  armax  aravg     #obs      vol
 1      45.0  59.0   47.4   01.7   02.3   02.0   -00.9 03.6    01.2      00016     00263
 2      49.0  62.0   51.6   02.3   02.3   02.3   01.5  03.2    02.4      00016     00254
 3      48.0  61.0   51.4   02.0   02.6   02.4   -03.8 01.7    -00.1     00015     00249
 4      38.0  50.0   44.2   01.7   02.0   01.9   -07.1 -00.1   -04.1     00020     00339
 5      30.0  35.0   1009.0 02.3   02.6   77.8   -01.6 22.0    408.3     00031     00664
              
net#   Yearday/Time  hh:mm:ss  pmin      pmax     pavg     #obs     vol
                   (NetOpenTime)
 1       149.914375  21:56:41  026.8    029.2    028.3    00016    00263
 2       149.915162  21:57:49  024.5    026.5    025.5    00016    00254
 3       149.915949  21:58:58  024.0    026.0    024.6    00015    00249
 4       149.916690  22:0:1    027.0    031.2    029.7    00020    00339
 5       149.917674  22:1:26   000.6    031.3    543.3    00031    00664
 0       149.910093  21:50:31
