 Tow: 1wm-b   RVWS/WS1406
 Date: 05/28/2014
 Temperature Probe #  2597    Conductivity Probe #  2870   Pressure Probe #  109
 Flow Meter Calibration  4.71 (m/count)  
                          MOCNESS STATISTICAL SUMMARY
              
net#   pmin   pmax   pavg   tmin   tmax   tavg   thmin  thmax  thavg  smin   smax   savg
 1     029.3  030.2  029.7  26.4   26.5   26.5   26.4   26.5   26.4   36.35  36.37  36.36
 2     029.4  030.0  029.6  26.5   26.6   26.5   26.5   26.5   26.5   36.36  36.37  36.36
 3     029.2  029.7  029.4  26.5   26.6   26.5   26.5   26.5   26.5   36.36  36.37  36.36
 4     029.4  029.9  029.6  26.5   26.5   26.5   26.5   26.5   26.5   36.34  36.38  36.36
 5     001.9  033.8  1189.5 26.0   27.3   1390.3 26.0   27.3   1390.0 36.24  36.40  1889.99
              
net#   simin  simax  siavg  cmin   cmax   cavg   fmin   fmax   favg   oxmin  oxmax  oxavg
 1     23.90  23.94  23.92  00.00  00.00  00.00  00.00  00.00  00.00  00.0   00.0   00.0
 2     23.89  23.92  23.90  00.00  00.00  00.00  00.00  00.00  00.00  00.0   00.0   00.0
 3     23.89  23.92  23.91  00.00  00.00  00.00  00.00  00.00  00.00  00.0   00.0   00.0
 4     23.88  23.93  23.91  00.00  00.00  00.00  00.00  00.00  00.00  00.0   00.0   00.0
 5     23.62  24.07  1238.6000.00  00.00  00.00  00.00  00.00  00.00  00.0   00.0   00.0
              
net#      irrmin        irrmax       irravg
 1     0.000000000 0.000000000 0.000000000
 2     0.000000000 0.000000000 0.000000000
 3     0.000000000 0.000000000 0.000000000
 4     0.000000000 0.000000000 0.000000000
 5     0.000000000 0.000000000 0.000000000
              
net#   amin   amax   aavg   spmin  spmax  spavg  armin  armax  aravg     #obs      vol
 1      48.0  58.0   50.1   01.7   02.3   02.0   -01.0 01.2    00.3      00017     00254
 2      46.0  58.0   48.4   01.7   02.3   02.0   -01.0 01.2    00.1      00016     00245
 3      45.0  56.0   46.8   02.0   02.3   02.1   -01.0 00.8    00.2      00015     00252
 4      44.0  56.0   46.4   02.0   02.3   02.1   -01.0 00.2    -00.2     00016     00273
 5      42.0  52.0   2382.0 02.0   03.1   148.5  -05.4 16.6    360.0     00052     01138
              
net#   Yearday/Time  hh:mm:ss  pmin      pmax     pavg     #obs     vol
                   (NetOpenTime)
 1       148.962245  23:5:38   029.3    030.2    029.7    00017    00254
 2       148.963079  23:6:50   029.4    030.0    029.6    00016    00245
 3       148.963866  23:7:58   029.2    029.7    029.4    00015    00252
 4       148.964618  23:9:2    029.4    029.9    029.6    00016    00273
 5       148.965405  23:10:10  001.9    033.8    1189.5   00052    01138
 0       148.959178  23:1:12 
