 Tow: 1wm-a   RVWS/WS1406
 Date: 05/28/2014
 Temperature Probe #  2597    Conductivity Probe #  2870   Pressure Probe #  109
 Flow Meter Calibration  4.71 (m/count)  
                          MOCNESS STATISTICAL SUMMARY
              
net#   pmin   pmax   pavg   tmin   tmax   tavg   thmin  thmax  thavg  smin   smax   savg
 1     028.7  029.4  029.0  26.0   26.0   26.0   26.0   26.0   26.0   36.36  36.37  36.37
 2     029.1  029.5  029.4  26.0   26.1   26.0   26.0   26.0   26.0   36.37  36.37  36.37
 3     029.0  029.6  029.2  26.0   26.1   26.1   26.0   26.1   26.1   36.37  36.37  36.37
 4     028.5  029.1  028.9  26.1   26.1   26.1   26.1   26.1   26.1   36.36  36.37  36.37
 5     001.1  030.3  1104.0 25.3   27.2   1775.7 25.3   27.2   1775.5 01.36  50.00  2534.96
              
net#   simin  simax  siavg  cmin   cmax   cavg   fmin   fmax   favg   oxmin  oxmax  oxavg
 1     24.06  24.07  24.06  00.00  00.00  00.00  00.00  00.00  00.00  00.0   00.0   00.0
 2     24.06  24.07  24.06  00.00  00.00  00.00  00.00  00.00  00.00  00.0   00.0   00.0
 3     24.04  24.06  24.05  00.00  00.00  00.00  00.00  00.00  00.00  00.0   00.0   00.0
 4     24.02  24.05  24.03  00.00  00.00  00.00  00.00  00.00  00.00  00.0   00.0   00.0
 5     -02.16 34.62  1676.9500.00  00.00  00.00  00.00  00.00  00.00  00.0   00.0   00.0
              
net#      irrmin        irrmax       irravg
 1     0.000000000 0.000000000 0.000000000
 2     0.000000000 0.000000000 0.000000000
 3     0.000000000 0.000000000 0.000000000
 4     0.000000000 0.000000000 0.000000000
 5     0.000000000 0.000000000 0.000000000
              
net#   amin   amax   aavg   spmin  spmax  spavg  armin  armax  aravg     #obs      vol
 1      52.0  61.0   53.6   02.3   02.6   02.4   -01.3 01.2    00.1      00014     00237
 2      50.0  61.0   51.9   02.3   02.6   02.3   -00.9 00.7    -00.3     00016     00263
 3      48.0  60.0   50.3   02.3   02.6   02.3   -00.5 01.0    00.2      00015     00270
 4      48.0  61.0   50.5   02.3   02.6   02.5   00.1  00.8    00.4      00015     00268
 5      03.0  58.0   3045.0 00.0   03.4   189.1  -02.9 17.0    411.7     00067     01222
              
net#   Yearday/Time  hh:mm:ss  pmin      pmax     pavg     #obs     vol
                   (NetOpenTime)
 1       148.933507  22:24:15  028.7    029.4    029.0    00014    00237
 2       148.934201  22:25:15  029.1    029.5    029.4    00016    00263
 3       148.935000  22:26:24  029.0    029.6    029.2    00015    00270
 4       148.935741  22:27:27  028.5    029.1    028.9    00015    00268
 5       148.936481  22:28:31  001.1    030.3    1104.0   00067    01222
 0       148.929375  22:18:18
