 Tow: 2Cm-B   RVWS/WS1406
 Date: 05/30/2014
 Temperature Probe #  2597    Conductivity Probe #  2870   Pressure Probe #  109
 Flow Meter Calibration  4.71 (m/count)  
                          MOCNESS STATISTICAL SUMMARY
              
net#   pmin   pmax   pavg   tmin   tmax   tavg   thmin  thmax  thavg  smin   smax   savg
 1     028.4  028.8  028.6  27.7   27.7   27.7   27.7   27.7   27.7   36.25  36.25  36.25
 2     027.9  028.9  028.4  27.7   27.7   27.7   27.7   27.7   27.7   36.25  36.25  36.25
 3     027.7  028.3  028.1  27.7   27.7   27.7   27.7   27.7   27.7   36.24  36.25  36.25
 4     027.8  028.2  027.9  27.7   27.7   27.7   27.7   27.7   27.7   36.24  36.25  36.25
 5     001.6  029.4  621.2  27.7   28.1   1029.5 27.7   28.1   1029.3 07.76  36.25  1312.09
              
net#   simin  simax  siavg  cmin   cmax   cavg   fmin   fmax   favg   oxmin  oxmax  oxavg
 1     23.42  23.42  23.42  00.00  00.00  00.00  00.00  00.00  00.00  00.0   00.0   00.0
 2     23.42  23.42  23.42  00.00  00.00  00.00  00.00  00.00  00.00  00.0   00.0   00.0
 3     23.42  23.42  23.42  00.00  00.00  00.00  00.00  00.00  00.00  00.0   00.0   00.0
 4     23.41  23.42  23.42  00.00  00.00  00.00  00.00  00.00  00.00  00.0   00.0   00.0
 5     02.10  23.42  843.84 00.00  00.00  00.00  00.00  00.00  00.00  00.0   00.0   00.0
              
net#      irrmin        irrmax       irravg
 1     0.000000000 0.000000000 0.000000000
 2     0.000000000 0.000000000 0.000000000
 3     0.000000000 0.000000000 0.000000000
 4     0.000000000 0.000000000 0.000000000
 5     0.000000000 0.000000000 0.000000000
              
net#   amin   amax   aavg   spmin  spmax  spavg  armin  armax  aravg     #obs      vol
 1      51.0  61.0   52.3   02.0   02.3   02.1   -00.6 01.0    00.2      00017     00259
 2      48.0  61.0   50.4   02.0   02.3   02.1   -00.6 01.0    00.4      00016     00251
 3      47.0  58.0   48.9   02.0   02.3   02.2   -00.4 00.8    00.2      00016     00274
 4      46.0  60.0   49.1   02.0   02.6   02.4   -00.6 01.0    00.2      00014     00259
 5      21.0  54.0   1714.0 02.3   03.4   113.3  -02.9 16.6    365.9     00037     00782
              
net#   Yearday/Time  hh:mm:ss  pmin      pmax     pavg     #obs     vol
                   (NetOpenTime)
 1       150.910544  21:51:11  028.4    028.8    028.6    00017    00259
 2       150.911377  21:52:23  027.9    028.9    028.4    00016    00251
 3       150.912176  21:53:31  027.7    028.3    028.1    00016    00274
 4       150.912963  21:54:40  027.8    028.2    027.9    00014    00259
 5       150.913657  21:55:40  001.6    029.4    621.2    00037    00782
 0       150.904988  21:43:11
