 Tow: 2Ed-B   RVWS/WS1406
 Date: 05/31/2014
 Temperature Probe #  2597    Conductivity Probe #  2870   Pressure Probe #  109
 Flow Meter Calibration  4.71 (m/count)  
                          MOCNESS STATISTICAL SUMMARY
              
net#   pmin   pmax   pavg   tmin   tmax   tavg   thmin  thmax  thavg  smin   smax   savg
 1     048.4  049.2  048.9  26.8   26.8   26.8   26.8   26.8   26.8   36.53  36.55  36.54
 2     048.6  049.3  049.1  26.8   26.8   26.8   26.8   26.8   26.8   36.54  36.54  36.54
 3     048.0  048.8  048.4  26.8   26.8   26.8   26.8   26.8   26.8   36.53  36.53  36.53
 4     001.4  057.7  4861.8 26.7   27.9   3516.7 26.7   27.9   3515.6 36.36  36.56  4743.87
              
net#   simin  simax  siavg  cmin   cmax   cavg   fmin   fmax   favg   oxmin  oxmax  oxavg
 1     23.94  23.96  23.95  00.00  00.00  00.00  00.00  00.00  00.00  00.0   00.0   00.0
 2     23.94  23.95  23.94  00.00  00.00  00.00  00.00  00.00  00.00  00.0   00.0   00.0
 3     23.93  23.93  23.93  00.00  00.00  00.00  00.00  00.00  00.00  00.0   00.0   00.0
 4     23.45  23.98  3097.8200.00  00.00  00.00  00.00  00.00  00.00  00.0   00.0   00.0
              
net#      irrmin        irrmax       irravg
 1     0.000000000 0.000000000 0.000000000
 2     0.000000000 0.000000000 0.000000000
 3     0.000000000 0.000000000 0.000000000
 4     0.000000000 0.000000000 0.000000000
              
net#   amin   amax   aavg   spmin  spmax  spavg  armin  armax  aravg     #obs      vol
 1      46.0  57.0   48.5   02.0   02.3   02.1   -00.8 00.8    -00.1     00040     00649
 2      44.0  56.0   45.7   02.0   02.3   02.1   -01.1 00.6    -00.1     00032     00553
 3      45.0  56.0   46.5   02.0   02.3   02.1   -01.1 01.0    00.3      00032     00542
 4      40.0  50.0   5782.0 02.3   03.1   379.4  -07.8 12.5    703.0     00130     02970
              
net#   Yearday/Time  hh:mm:ss  pmin      pmax     pavg     #obs     vol
                   (NetOpenTime)
 1       151.707535  16:58:50  048.4    049.2    048.9    00040    00649
 2       151.709444  17:1:35   048.6    049.3    049.1    00032    00553
 3       151.710972  17:3:48   048.0    048.8    048.4    00032    00542
 4       151.712500  17:6:0    001.4    057.7    4861.8   00130    02970
 5       151.678160  16:16:32
