 Tow: 2Es-B   RVWS/WS1406
 Date: 05/31/2014
 Temperature Probe #  2597    Conductivity Probe #  2870   Pressure Probe #  109
 Flow Meter Calibration  4.71 (m/count)  
                          MOCNESS STATISTICAL SUMMARY
              
net#   pmin   pmax   pavg   tmin   tmax   tavg   thmin  thmax  thavg  smin   smax   savg
 1     012.1  014.3  013.2  27.4   27.4   27.4   27.4   27.4   27.4   36.46  36.46  36.46
 2     013.6  014.7  014.1  27.4   27.4   27.4   27.4   27.4   27.4   36.46  36.47  36.46
 3     013.3  014.7  013.8  27.4   27.5   27.4   27.4   27.4   27.4   36.47  36.47  36.47
 4     012.9  014.6  013.5  27.4   27.4   27.4   27.4   27.4   27.4   36.47  36.48  36.47
 5     001.6  016.4  248.7  27.4   27.8   772.3  27.4   27.8   772.2  36.45  36.49  1021.14
              
net#   simin  simax  siavg  cmin   cmax   cavg   fmin   fmax   favg   oxmin  oxmax  oxavg
 1     23.68  23.68  23.68  00.00  00.00  00.00  00.00  00.00  00.00  00.0   00.0   00.0
 2     23.68  23.69  23.68  00.00  00.00  00.00  00.00  00.00  00.00  00.0   00.0   00.0
 3     23.68  23.69  23.69  00.00  00.00  00.00  00.00  00.00  00.00  00.0   00.0   00.0
 4     23.68  23.70  23.69  00.00  00.00  00.00  00.00  00.00  00.00  00.0   00.0   00.0
 5     23.55  23.71  661.90 00.00  00.00  00.00  00.00  00.00  00.00  00.0   00.0   00.0
              
net#      irrmin        irrmax       irravg
 1     0.000000000 0.000000000 0.000000000
 2     0.000000000 0.000000000 0.000000000
 3     0.000000000 0.000000000 0.000000000
 4     0.000000000 0.000000000 0.000000000
 5     0.000000000 0.000000000 0.000000000
              
net#   amin   amax   aavg   spmin  spmax  spavg  armin  armax  aravg     #obs      vol
 1      38.0  55.0   43.8   01.1   02.0   01.6   -02.2 02.1    -00.2     00036     00513
 2      43.0  52.0   45.2   01.4   02.0   01.8   -01.2 00.8    -00.2     00036     00523
 3      40.0  51.0   42.1   01.7   02.0   01.8   -00.8 02.1    00.4      00034     00505
 4      42.0  51.0   43.4   01.7   02.0   01.8   -02.3 01.2    -00.2     00033     00501
 5      34.0  45.0   1083.0 01.7   02.9   71.0   -04.3 14.0    182.7     00028     00614
              
net#   Yearday/Time  hh:mm:ss  pmin      pmax     pavg     #obs     vol
                   (NetOpenTime)
 1       152.001227  0:1:46    012.1    014.3    013.2    00036    00513
 2       152.002940  0:4:13    013.6    014.7    014.1    00036    00523
 3       152.004664  0:6:43    013.3    014.7    013.8    00034    00505
 4       152.006285  0:9:3     012.9    014.6    013.5    00033    00501
 5       152.007870  0:11:20   001.6    016.4    248.7    00028    00614
 0       151.999282  23:58:58
