 Tow: 3Ws-B   RVWS/WS1406
 Date: 06/04/2014
 Temperature Probe #  2597    Conductivity Probe #  2870   Pressure Probe #  109
 Flow Meter Calibration  4.71 (m/count)  
                          MOCNESS STATISTICAL SUMMARY
              
net#   pmin   pmax   pavg   tmin   tmax   tavg   thmin  thmax  thavg  smin   smax   savg
 1     009.4  014.9  011.7  27.5   27.5   27.5   27.5   27.5   27.5   36.28  36.30  36.29
 2     014.9  020.1  018.0  27.5   27.5   27.5   27.4   27.5   27.5   36.30  36.32  36.31
 3     014.0  019.6  015.5  27.4   27.5   27.5   27.4   27.5   27.5   36.30  36.32  36.31
 4     013.6  014.6  014.0  27.5   27.5   27.5   27.5   27.5   27.5   36.30  36.31  36.31
 5     001.9  017.3  747.4  23.1   27.5   5694.9 23.1   27.5   5694.8 00.52  50.00  11086.71
              
net#   simin  simax  siavg  cmin   cmax   cavg   fmin   fmax   favg   oxmin  oxmax  oxavg
 1     23.52  23.55  23.53  00.00  00.00  00.00  00.00  00.00  00.00  00.0   00.0   00.0
 2     23.54  23.57  23.56  00.00  00.00  00.00  00.00  00.00  00.00  00.0   00.0   00.0
 3     23.55  23.57  23.56  00.00  00.00  00.00  00.00  00.00  00.00  00.0   00.0   00.0
 4     23.55  23.56  23.55  00.00  00.00  00.00  00.00  00.00  00.00  00.0   00.0   00.0
 5     -02.87 35.32  7702.6600.00  00.00  00.00  00.00  00.00  00.00  00.0   00.0   00.0
              
net#      irrmin        irrmax       irravg
 1     0.000000000 0.000000000 0.000000000
 2     0.000000000 0.000000000 0.000000000
 3     0.000000000 0.000000000 0.000000000
 4     0.000000000 0.000000000 0.000000000
 5     0.000000000 0.000000000 0.000000000
              
net#   amin   amax   aavg   spmin  spmax  spavg  armin  armax  aravg     #obs      vol
 1      51.0  72.0   58.7   02.3   02.6   02.3   -05.3 05.3    -00.6     00038     00556
 2      50.0  58.0   53.6   01.7   02.6   02.2   -04.5 -00.4   -02.1     00036     00554
 3      48.0  58.0   50.4   02.0   02.3   02.2   -00.6 08.0    02.3      00036     00569
 4      49.0  62.0   51.9   02.0   02.3   02.2   -01.2 01.4    00.1      00031     00490
 5      33.0  89.0   18537.000.0   03.4   113.3  -06.6 12.5    179.0     00232     00714
              
net#   Yearday/Time  hh:mm:ss  pmin      pmax     pavg     #obs     vol
                   (NetOpenTime)
 1       156.014572  0:20:59   009.4    014.9    011.7    00038    00556
 2       156.016389  0:23:36   014.9    020.1    018.0    00036    00554
 3       156.018102  0:26:4    014.0    019.6    015.5    00036    00569
 4       156.019826  0:28:32   013.6    014.6    014.0    00031    00490
 5       156.021308  0:30:41   001.9    017.3    747.4    00232    00714
 0       156.010347  0:14:54 
