 Tow: 4Wd-A   RVWS/WS1406
 Date: 06/0/2014
 Temperature Probe #  2597    Conductivity Probe #  2870   Pressure Probe #  109
 Flow Meter Calibration  4.71 (m/count)  
                          MOCNESS STATISTICAL SUMMARY
              
net#   pmin   pmax   pavg   tmin   tmax   tavg   thmin  thmax  thavg  smin   smax   savg
 1     048.3  049.5  049.0  24.8   24.9   24.8   24.8   24.8   24.8   36.22  36.22  36.22
 2     049.1  050.6  049.9  24.8   24.8   24.8   24.8   24.8   24.8   36.22  36.22  36.22
 3     048.3  050.6  049.3  24.8   24.9   24.8   24.8   24.9   24.8   36.22  36.22  36.22
 4     047.9  050.7  049.5  24.8   25.1   24.9   24.8   25.1   24.9   36.22  36.27  36.24
 5     001.9  053.2  4379.5 24.9   28.2   3713.9 24.9   28.2   3712.9 36.16  36.40  5119.66
              
net#   simin  simax  siavg  cmin   cmax   cavg   fmin   fmax   favg   oxmin  oxmax  oxavg
 1     24.31  24.32  24.32  00.00  00.00  00.00  00.00  00.00  00.00  00.0   00.0   00.0
 2     24.32  24.32  24.32  00.00  00.00  00.00  00.00  00.00  00.00  00.0   00.0   00.0
 3     24.31  24.33  24.32  00.00  00.00  00.00  00.00  00.00  00.00  00.0   00.0   00.0
 4     24.28  24.32  24.30  00.00  00.00  00.00  00.00  00.00  00.00  00.0   00.0   00.0
 5     23.31  24.32  3371.7000.00  00.00  00.00  00.00  00.00  00.00  00.0   00.0   00.0
              
net#      irrmin        irrmax       irravg
 1     0.000000000 0.000000000 0.000000000
 2     0.000000000 0.000000000 0.000000000
 3     0.000000000 0.000000000 0.000000000
 4     0.000000000 0.000000000 0.000000000
 5     0.000000000 0.000000000 0.000000000
              
net#   amin   amax   aavg   spmin  spmax  spavg  armin  armax  aravg     #obs      vol
 1      46.0  61.0   52.0   01.7   02.3   02.1   -02.3 01.2    -00.2     00038     00559
 2      45.0  58.0   50.4   01.7   02.3   02.0   -02.5 02.8    -00.3     00037     00544
 3      45.0  55.0   48.8   01.7   02.0   02.0   -02.9 02.0    00.0      00034     00505
 4      41.0  56.0   47.8   01.7   02.3   02.2   -02.7 02.4    00.5      00031     00508
 5      43.0  67.0   7275.0 02.3   03.7   428.6  -06.2 08.8    693.3     00141     02899
              
net#   Yearday/Time  hh:mm:ss  pmin      pmax     pavg     #obs     vol
                   (NetOpenTime)
 1       153.643472  15:26:36  048.3    049.5    049.0    00038    00559
 2       153.645289  15:29:12  049.1    050.6    049.9    00037    00544
 3       153.647049  15:31:44  048.3    050.6    049.3    00034    00505
 4       153.648681  15:34:6   047.9    050.7    049.5    00031    00508
 5       153.650162  15:36:13  001.9    053.2    4379.5   00141    02899
 0       153.639062  15:20:14
