 Tow: 4Wm-A   RVWS/WS1406
 Date: 06/02/2014
 Temperature Probe #  2597    Conductivity Probe #  2870   Pressure Probe #  109
 Flow Meter Calibration  2.35 (m/count)  
                          MOCNESS STATISTICAL SUMMARY
              
net#   pmin   pmax   pavg   tmin   tmax   tavg   thmin  thmax  thavg  smin   smax   savg
 1     028.3  030.1  029.2  26.1   26.4   26.3   26.1   26.4   26.3   36.38  36.41  36.39
 2     028.0  030.1  028.9  26.0   26.6   26.4   26.0   26.5   26.4   36.34  36.42  36.38
 3     029.3  032.4  030.4  26.1   26.4   26.2   26.1   26.4   26.2   36.36  36.42  36.39
 4     025.9  031.6  028.6  26.2   26.9   26.7   26.2   26.9   26.7   36.34  36.41  36.37
 5     002.1  028.9  994.8  26.8   27.9   1629.5 26.8   27.9   1629.2 36.28  36.39  2144.26
              
net#   simin  simax  siavg  cmin   cmax   cavg   fmin   fmax   favg   oxmin  oxmax  oxavg
 1     23.95  24.07  23.98  00.00  00.00  00.00  00.00  00.00  00.00  00.0   00.0   00.0
 2     23.90  24.10  23.96  00.00  00.00  00.00  00.00  00.00  00.00  00.0   00.0   00.0
 3     23.97  24.05  24.02  00.00  00.00  00.00  00.00  00.00  00.00  00.0   00.0   00.0
 4     23.78  24.02  23.85  00.00  00.00  00.00  00.00  00.00  00.00  00.0   00.0   00.0
 5     23.42  23.84  1388.4500.00  00.00  00.00  00.00  00.00  00.00  00.0   00.0   00.0
              
net#      irrmin        irrmax       irravg
 1     0.000000000 0.000000000 0.000000000
 2     0.000000000 0.000000000 0.000000000
 3     0.000000000 0.000000000 0.000000000
 4     0.000000000 0.000000000 0.000000000
 5     0.000000000 0.000000000 0.000000000
              
net#   amin   amax   aavg   spmin  spmax  spavg  armin  armax  aravg     #obs      vol
 1      54.0  64.0   57.1   02.3   02.7   02.5   -02.1 00.8    -00.6     00030     00480
 2      52.0  64.0   55.1   02.3   02.7   02.5   -02.3 02.3    00.5      00033     00555
 3      46.0  57.0   51.9   02.0   02.6   02.3   -03.9 00.6    -01.3     00033     00550
 4      41.0  51.0   45.8   01.6   02.1   01.9   -05.8 10.0    01.2      00035     00501
 5      16.0  54.0   2418.0 01.6   03.1   146.6  -01.0 12.5    354.4     00059     01137
              
net#   Yearday/Time  hh:mm:ss  pmin      pmax     pavg     #obs     vol
                   (NetOpenTime)
 1       153.954062  22:53:50  028.3    030.1    029.2    00030    00480
 2       153.955498  22:55:54  028.0    030.1    028.9    00033    00555
 3       153.957083  22:58:11  029.3    032.4    030.4    00033    00550
 4       153.958657  23:0:28   025.9    031.6    028.6    00035    00501
 5       153.960336  23:2:53   002.1    028.9    994.8    00059    01137
 0       153.949271  22:46:56
