 Tow: 4Wm-B   RVWS/WS1406
 Date: 06/02/2014
 Temperature Probe #  2597    Conductivity Probe #  2870   Pressure Probe #  109
 Flow Meter Calibration  2.35 (m/count)  
                          MOCNESS STATISTICAL SUMMARY
              
net#   pmin   pmax   pavg   tmin   tmax   tavg   thmin  thmax  thavg  smin   smax   savg
 1     029.3  030.6  029.8  25.9   26.0   25.9   25.9   26.0   25.9   36.37  36.40  36.38
 2     028.5  031.3  029.6  25.8   26.1   26.0   25.8   26.1   26.0   36.36  36.41  36.39
 3     027.4  029.1  028.5  26.1   26.1   26.1   26.1   26.1   26.1   36.41  36.43  36.42
 4     028.3  030.0  029.0  26.0   26.1   26.1   26.0   26.1   26.0   36.42  36.43  36.43
 5     001.9  032.4  1291.4 25.7   28.2   1797.3 25.7   28.2   1797.0 36.29  36.44  2399.30
              
net#   simin  simax  siavg  cmin   cmax   cavg   fmin   fmax   favg   oxmin  oxmax  oxavg
 1     24.08  24.12  24.10  00.00  00.00  00.00  00.00  00.00  00.00  00.0   00.0   00.0
 2     24.07  24.13  24.10  00.00  00.00  00.00  00.00  00.00  00.00  00.0   00.0   00.0
 3     24.07  24.09  24.08  00.00  00.00  00.00  00.00  00.00  00.00  00.0   00.0   00.0
 4     24.09  24.11  24.10  00.00  00.00  00.00  00.00  00.00  00.00  00.0   00.0   00.0
 5     23.33  24.17  1561.7100.00  00.00  00.00  00.00  00.00  00.00  00.0   00.0   00.0
              
net#      irrmin        irrmax       irravg
 1     0.000000000 0.000000000 0.000000000
 2     0.000000000 0.000000000 0.000000000
 3     0.000000000 0.000000000 0.000000000
 4     0.000000000 0.000000000 0.000000000
 5     0.000000000 0.000000000 0.000000000
              
net#   amin   amax   aavg   spmin  spmax  spavg  armin  armax  aravg     #obs      vol
 1      52.0  65.0   57.8   02.3   02.6   02.5   -02.3 01.2    -00.4     00034     00524
 2      47.0  70.0   55.8   01.7   02.6   02.3   -03.3 02.9    00.4      00036     00555
 3      52.0  63.0   56.1   02.4   02.7   02.6   -02.9 01.8    00.1      00030     00508
 4      53.0  64.0   57.6   02.4   02.9   02.7   -01.4 01.0    -00.3     00030     00515
 5      53.0  79.0   4349.0 01.9   03.7   200.0  -05.5 16.8    400.2     00066     00915
              
net#   Yearday/Time  hh:mm:ss  pmin      pmax     pavg     #obs     vol
                   (NetOpenTime)
 1       153.984479  23:37:39  029.3    030.6    029.8    00034    00524
 2       153.986100  23:39:59  028.5    031.3    029.6    00036    00555
 3       153.987824  23:42:27  027.4    029.1    028.5    00030    00508
 4       153.989259  23:44:31  028.3    030.0    029.0    00030    00515
 5       153.990706  23:46:37  001.9    032.4    1291.4   00066    00915
 0       153.980220  23:31:31
