 Tow: 4Ws-A   RVWS/WS1406
 Date: 06/02/2014
 Temperature Probe #  2597    Conductivity Probe #  2870   Pressure Probe #  109
 Flow Meter Calibration  4.71 (m/count)  
                          MOCNESS STATISTICAL SUMMARY
              
net#   pmin   pmax   pavg   tmin   tmax   tavg   thmin  thmax  thavg  smin   smax   savg
 1     012.4  014.0  013.3  28.2   28.2   28.2   28.2   28.2   28.2   36.32  36.33  36.33
 2     010.7  012.7  011.6  28.2   28.2   28.2   28.2   28.2   28.2   36.32  36.33  36.33
 3     011.0  013.4  012.2  28.2   28.2   28.2   28.2   28.2   28.2   36.30  36.33  36.32
 4     012.8  015.9  014.6  28.2   28.2   28.2   28.2   28.2   28.2   36.32  36.33  36.33
 5     003.6  017.6  721.5  28.2   28.2   1636.6 28.2   28.2   1636.4 36.32  36.33  2106.83
              
net#   simin  simax  siavg  cmin   cmax   cavg   fmin   fmax   favg   oxmin  oxmax  oxavg
 1     23.33  23.33  23.33  00.00  00.00  00.00  00.00  00.00  00.00  00.0   00.0   00.0
 2     23.33  23.33  23.33  00.00  00.00  00.00  00.00  00.00  00.00  00.0   00.0   00.0
 3     23.31  23.33  23.33  00.00  00.00  00.00  00.00  00.00  00.00  00.0   00.0   00.0
 4     23.32  23.33  23.33  00.00  00.00  00.00  00.00  00.00  00.00  00.0   00.0   00.0
 5     23.32  23.33  1352.7400.00  00.00  00.00  00.00  00.00  00.00  00.0   00.0   00.0
              
net#      irrmin        irrmax       irravg
 1     0.000000000 0.000000000 0.000000000
 2     0.000000000 0.000000000 0.000000000
 3     0.000000000 0.000000000 0.000000000
 4     0.000000000 0.000000000 0.000000000
 5     0.000000000 0.000000000 0.000000000
              
net#   amin   amax   aavg   spmin  spmax  spavg  armin  armax  aravg     #obs      vol
 1      43.0  54.0   47.1   03.4   04.0   03.7   -02.4 04.1    01.1      00021     00604
 2      45.0  64.0   51.5   03.7   04.9   04.4   -01.6 04.1    01.0      00022     00737
 3      48.0  69.0   55.8   04.6   05.7   05.1   -02.5 02.9    00.2      00025     00838
 4      49.0  61.0   54.4   04.9   05.1   05.1   -06.6 00.2    -03.2     00017     00603
 5      28.0  67.0   2733.0 04.0   06.6   320.4  -04.9 09.7    152.3     00058     02376
              
net#   Yearday/Time  hh:mm:ss  pmin      pmax     pavg     #obs     vol
                   (NetOpenTime)
 1       153.812975  19:30:40  012.4    014.0    013.3    00021    00604
 2       153.814005  19:32:10  010.7    012.7    011.6    00022    00737
 3       153.815069  19:33:41  011.0    013.4    012.2    00025    00838
 4       153.816273  19:35:25  012.8    015.9    014.6    00017    00603
 5       153.817118  19:36:39  003.6    017.6    721.5    00058    02376
 0       153.808333  19:23:59
