 Tow: 5Wd-A   RVWS/WS1406
 Date: 06/05/2014
 Temperature Probe #  2597    Conductivity Probe #  2870   Pressure Probe #  109
 Flow Meter Calibration  4.71 (m/count)  
                          MOCNESS STATISTICAL SUMMARY
              
net#   pmin   pmax   pavg   tmin   tmax   tavg   thmin  thmax  thavg  smin   smax   savg
 1     046.7  049.5  048.3  24.8   25.2   25.1   24.8   25.2   25.0   36.33  36.46  36.40
 2     048.4  049.6  048.8  25.0   25.1   25.1   25.0   25.1   25.1   36.39  36.41  36.40
 3     048.1  049.6  049.1  25.0   25.1   25.1   25.0   25.1   25.0   36.39  36.40  36.39
 4     049.8  056.7  052.8  23.0   25.1   24.4   23.0   25.1   24.4   36.37  36.60  36.43
 5     005.7  058.7  3672.7 22.7   27.2   2199.0 22.7   27.2   2198.2 36.21  36.44  3234.51
              
net#   simin  simax  siavg  cmin   cmax   cavg   fmin   fmax   favg   oxmin  oxmax  oxavg
 1     24.32  24.48  24.39  00.00  00.00  00.00  00.00  00.00  00.00  00.0   00.0   00.0
 2     24.36  24.40  24.38  00.00  00.00  00.00  00.00  00.00  00.00  00.0   00.0   00.0
 3     24.36  24.40  24.38  00.00  00.00  00.00  00.00  00.00  00.00  00.0   00.0   00.0
 4     24.38  25.05  24.59  00.00  00.00  00.00  00.00  00.00  00.00  00.0   00.0   00.0
 5     23.64  25.09  2175.0900.00  00.00  00.00  00.00  00.00  00.00  00.0   00.0   00.0
              
net#      irrmin        irrmax       irravg
 1     0.000000000 0.000000000 0.000000000
 2     0.000000000 0.000000000 0.000000000
 3     0.000000000 0.000000000 0.000000000
 4     0.000000000 0.000000000 0.000000000
 5     0.000000000 0.000000000 0.000000000
              
net#   amin   amax   aavg   spmin  spmax  spavg  armin  armax  aravg     #obs      vol
 1      55.0  68.0   57.9   02.3   02.6   02.4   -02.5 02.2    -00.5     00047     00711
 2      55.0  64.0   57.1   02.3   02.9   02.6   -01.7 00.8    -00.1     00032     00529
 3      53.0  67.0   55.2   02.3   02.9   02.5   -01.3 02.0    00.3      00032     00533
 4      53.0  61.0   57.2   02.9   03.4   03.2   -05.0 -00.7   -02.8     00038     00787
 5      45.0  57.0   4445.0 02.9   03.4   275.0  -03.9 16.8    700.1     00089     01858
              
net#   Yearday/Time  hh:mm:ss  pmin      pmax     pavg     #obs     vol
                   (NetOpenTime)
 1       156.710417  17:2:59   046.7    049.5    048.3    00047    00711
 2       156.712639  17:6:11   048.4    049.6    048.8    00032    00529
 3       156.714178  17:8:25   048.1    049.6    049.1    00032    00533
 4       156.715706  17:10:37  049.8    056.7    052.8    00038    00787
 5       156.717523  17:13:14  005.7    058.7    3672.7   00089    01858
 0       156.701273  16:49:49
