 Tow: 5Wm-A   RVWS/WS1406
 Date: 06/05/2014
 Temperature Probe #  2597    Conductivity Probe #  2870   Pressure Probe #  109
 Flow Meter Calibration  4.71 (m/count)  
                          MOCNESS STATISTICAL SUMMARY
              
net#   pmin   pmax   pavg   tmin   tmax   tavg   thmin  thmax  thavg  smin   smax   savg
 1     028.1  029.1  028.6  26.7   26.8   26.8   26.7   26.8   26.7   36.37  36.43  36.41
 2     028.0  028.8  028.3  26.8   26.8   26.8   26.8   26.8   26.8   36.26  36.40  36.39
 3     028.0  029.1  028.5  26.8   26.8   26.8   26.8   26.8   26.8   36.33  36.39  36.39
 4     027.6  029.6  028.5  26.8   26.8   26.8   26.8   26.8   26.8   36.39  36.41  36.39
 5     002.6  030.8  700.5  26.7   27.2   1051.5 26.7   27.2   1051.3 36.31  36.44  1418.14
              
net#   simin  simax  siavg  cmin   cmax   cavg   fmin   fmax   favg   oxmin  oxmax  oxavg
 1     23.82  23.89  23.87  00.00  00.00  00.00  00.00  00.00  00.00  00.0   00.0   00.0
 2     23.74  23.85  23.83  00.00  00.00  00.00  00.00  00.00  00.00  00.0   00.0   00.0
 3     23.78  23.84  23.83  00.00  00.00  00.00  00.00  00.00  00.00  00.0   00.0   00.0
 4     23.83  23.86  23.83  00.00  00.00  00.00  00.00  00.00  00.00  00.0   00.0   00.0
 5     23.63  23.90  926.65 00.00  00.00  00.00  00.00  00.00  00.00  00.0   00.0   00.0
              
net#      irrmin        irrmax       irravg
 1     0.000000000 0.000000000 0.000000000
 2     0.000000000 0.000000000 0.000000000
 3     0.000000000 0.000000000 0.000000000
 4     0.000000000 0.000000000 0.000000000
 5     0.000000000 0.000000000 0.000000000
              
net#   amin   amax   aavg   spmin  spmax  spavg  armin  armax  aravg     #obs      vol
 1      49.0  62.0   52.0   01.7   02.0   01.9   -01.0 02.0    00.2      00036     00487
 2      49.0  58.0   50.9   01.7   02.0   01.9   -01.2 01.4    00.1      00036     00500
 3      49.0  60.0   51.5   01.7   02.3   02.0   -01.9 01.0    -00.2     00033     00494
 4      49.0  61.0   51.3   02.0   02.3   02.1   -02.7 02.0    -00.3     00033     00516
 5      44.0  53.0   1894.0 02.3   03.1   116.4  -02.7 14.6    367.0     00039     00810
              
net#   Yearday/Time  hh:mm:ss  pmin      pmax     pavg     #obs     vol
                   (NetOpenTime)
 1       156.965613  23:10:29  028.1    029.1    028.6    00036    00487
 2       156.967326  23:12:57  028.0    028.8    028.3    00036    00500
 3       156.969051  23:15:26  028.0    029.1    028.5    00033    00494
 4       156.970625  23:17:42  027.6    029.6    028.5    00033    00516
 5       156.972211  23:19:58  002.6    030.8    700.5    00039    00810
 0       156.962824  23:6:28 
