 Tow: 5Wm-B   RVWS/WS1406
 Date: 06/05/2014
 Temperature Probe #  2597    Conductivity Probe #  2870   Pressure Probe #  109
 Flow Meter Calibration  4.71 (m/count)  
                          MOCNESS STATISTICAL SUMMARY
              
net#   pmin   pmax   pavg   tmin   tmax   tavg   thmin  thmax  thavg  smin   smax   savg
 1     029.3  030.1  029.8  25.7   25.8   25.8   25.7   25.8   25.8   36.41  36.42  36.42
 2     026.6  028.9  027.8  25.7   25.8   25.8   25.7   25.8   25.8   36.40  36.43  36.41
 3     027.9  029.2  028.6  25.8   25.9   25.8   25.8   25.8   25.8   36.40  36.42  36.41
 4     028.3  029.1  028.6  25.7   25.8   25.8   25.7   25.8   25.8   36.39  36.44  36.41
 5     003.9  031.5  1089.2 25.6   26.9   1442.4 25.6   26.9   1442.2 36.18  36.42  1999.90
              
net#   simin  simax  siavg  cmin   cmax   cavg   fmin   fmax   favg   oxmin  oxmax  oxavg
 1     24.16  24.20  24.18  00.00  00.00  00.00  00.00  00.00  00.00  00.0   00.0   00.0
 2     24.15  24.20  24.18  00.00  00.00  00.00  00.00  00.00  00.00  00.0   00.0   00.0
 3     24.14  24.17  24.16  00.00  00.00  00.00  00.00  00.00  00.00  00.0   00.0   00.0
 4     24.15  24.21  24.17  00.00  00.00  00.00  00.00  00.00  00.00  00.0   00.0   00.0
 5     23.75  24.23  1319.5800.00  00.00  00.00  00.00  00.00  00.00  00.0   00.0   00.0
              
net#      irrmin        irrmax       irravg
 1     0.000000000 0.000000000 0.000000000
 2     0.000000000 0.000000000 0.000000000
 3     0.000000000 0.000000000 0.000000000
 4     0.000000000 0.000000000 0.000000000
 5     0.000000000 0.000000000 0.000000000
              
net#   amin   amax   aavg   spmin  spmax  spavg  armin  armax  aravg     #obs      vol
 1      48.0  58.0   50.7   01.7   02.0   01.8   -01.4 01.2    00.0      00039     00518
 2      49.0  67.0   54.1   01.7   02.3   02.2   -03.5 05.9    00.8      00033     00494
 3      55.0  67.0   57.4   02.3   02.6   02.5   -02.1 01.0    -00.3     00032     00524
 4      53.0  67.0   55.6   02.3   02.9   02.7   -01.0 01.4    00.0      00029     00501
 5      49.0  62.0   3029.0 02.6   03.4   181.1  -04.7 10.7    340.5     00055     01151
              
net#   Yearday/Time  hh:mm:ss  pmin      pmax     pavg     #obs     vol
                   (NetOpenTime)
 1       156.994734  23:52:25  029.3    030.1    029.8    00039    00518
 2       156.996586  23:55:5   026.6    028.9    027.8    00033    00494
 3       156.998171  23:57:22  027.9    029.2    028.6    00032    00524
 4       156.999699  23:59:33  028.3    029.1    028.6    00029    00501
 5       157.001134  0:1:37    003.9    031.5    1089.2   00055    01151
 0       156.992407  23:49:3 
