 Tow: 5Ws-A   RVWS/WS1406
 Date: 06/05/2014
 Temperature Probe #  2597    Conductivity Probe #  2870   Pressure Probe #  109
 Flow Meter Calibration  4.71 (m/count)  
                          MOCNESS STATISTICAL SUMMARY
              
net#   pmin   pmax   pavg   tmin   tmax   tavg   thmin  thmax  thavg  smin   smax   savg
 1     014.2  014.9  014.5  27.1   27.1   27.1   27.1   27.1   27.1   36.34  36.35  36.35
 2     013.2  014.3  013.6  27.1   27.1   27.1   27.1   27.1   27.1   36.34  36.35  36.34
 3     013.5  014.4  013.9  27.1   27.1   27.1   27.1   27.1   27.1   36.30  36.36  36.34
 4     013.0  014.3  013.7  27.1   27.1   27.1   27.1   27.1   27.1   36.31  36.36  36.36
 5     003.1  016.8  195.0  26.8   27.2   459.6  26.8   27.2   459.6  36.30  36.42  617.94
              
net#   simin  simax  siavg  cmin   cmax   cavg   fmin   fmax   favg   oxmin  oxmax  oxavg
 1     23.68  23.69  23.69  00.00  00.00  00.00  00.00  00.00  00.00  00.0   00.0   00.0
 2     23.68  23.70  23.69  00.00  00.00  00.00  00.00  00.00  00.00  00.0   00.0   00.0
 3     23.65  23.71  23.69  00.00  00.00  00.00  00.00  00.00  00.00  00.0   00.0   00.0
 4     23.68  23.72  23.71  00.00  00.00  00.00  00.00  00.00  00.00  00.0   00.0   00.0
 5     23.62  23.84  403.33 00.00  00.00  00.00  00.00  00.00  00.00  00.0   00.0   00.0
              
net#      irrmin        irrmax       irravg
 1     0.000000000 0.000000000 0.000000000
 2     0.000000000 0.000000000 0.000000000
 3     0.000000000 0.000000000 0.000000000
 4     0.000000000 0.000000000 0.000000000
 5     0.000000000 0.000000000 0.000000000
              
net#   amin   amax   aavg   spmin  spmax  spavg  armin  armax  aravg     #obs      vol
 1      51.0  61.0   53.4   01.4   02.0   01.9   -01.3 01.0    00.0      00038     00491
 2      51.0  62.0   53.0   01.7   02.3   02.1   -00.5 01.4    00.4      00034     00509
 3      50.0  60.0   53.3   02.0   02.3   02.2   -01.5 00.6    -00.4     00032     00498
 4      50.0  61.0   52.2   02.3   02.3   02.3   -01.7 01.6    00.1      00031     00504
 5      48.0  55.0   870.0  02.3   03.1   48.6   -05.8 17.2    99.8      00017     00358
              
net#   Yearday/Time  hh:mm:ss  pmin      pmax     pavg     #obs     vol
                   (NetOpenTime)
 1       156.850938  20:25:21  014.2    014.9    014.5    00038    00491
 2       156.852755  20:27:57  013.2    014.3    013.6    00034    00509
 3       156.854375  20:30:17  013.5    014.4    013.9    00032    00498
 4       156.855914  20:32:31  013.0    014.3    013.7    00031    00504
 5       156.857396  20:34:38  003.1    016.8    195.0    00017    00358
 0       156.849687  20:23:32
