 Tow: L10s-A   RVWS/WS1406
 Date: 06/08/2014
 Temperature Probe #  2597    Conductivity Probe #  2870   Pressure Probe #  109
 Flow Meter Calibration  4.71 (m/count)  
                          MOCNESS STATISTICAL SUMMARY
              
net#   pmin   pmax   pavg   tmin   tmax   tavg   thmin  thmax  thavg  smin   smax   savg
 1     012.8  013.8  013.3  27.1   27.2   27.2   27.1   27.2   27.2   36.18  36.22  36.20
 2     013.1  014.3  013.5  27.2   27.2   27.2   27.2   27.2   27.2   36.19  36.23  36.21
 3     013.2  014.2  013.9  27.1   27.2   27.1   27.1   27.2   27.1   36.23  36.26  36.24
 4     012.9  014.4  013.4  27.2   27.4   27.3   27.2   27.4   27.3   36.22  36.29  36.26
 5     002.2  017.7  295.3  25.9   28.8   983.0  25.9   28.8   982.9  00.14  36.30  956.38
              
net#   simin  simax  siavg  cmin   cmax   cavg   fmin   fmax   favg   oxmin  oxmax  oxavg
 1     23.54  23.60  23.57  00.00  00.00  00.00  00.00  00.00  00.00  00.0   00.0   00.0
 2     23.55  23.60  23.57  00.00  00.00  00.00  00.00  00.00  00.00  00.0   00.0   00.0
 3     23.58  23.64  23.62  00.00  00.00  00.00  00.00  00.00  00.00  00.0   00.0   00.0
 4     23.50  23.61  23.56  00.00  00.00  00.00  00.00  00.00  00.00  00.0   00.0   00.0
 5     -03.12 23.64  586.97 00.00  00.00  00.00  00.00  00.00  00.00  00.0   00.0   00.0
              
net#      irrmin        irrmax       irravg
 1     0.000000000 0.000000000 0.000000000
 2     0.000000000 0.000000000 0.000000000
 3     0.000000000 0.000000000 0.000000000
 4     0.000000000 0.000000000 0.000000000
 5     0.000000000 0.000000000 0.000000000
              
net#   amin   amax   aavg   spmin  spmax  spavg  armin  armax  aravg     #obs      vol
 1      52.0  66.0   53.8   02.0   02.3   02.2   -01.3 01.2    00.1      00034     00518
 2      52.0  62.0   52.7   02.0   02.3   02.2   -01.2 01.4    -00.2     00032     00502
 3      50.0  63.0   51.3   02.0   02.3   02.2   -01.2 01.2    00.2      00032     00512
 4      52.0  63.0   52.8   02.3   02.6   02.4   -02.1 01.2    -00.2     00030     00517
 5      27.0  58.0   1643.0 00.0   03.1   88.4   -07.0 14.1    173.4     00036     00572
              
net#   Yearday/Time  hh:mm:ss  pmin      pmax     pavg     #obs     vol
                   (NetOpenTime)
 1       160.015683  0:22:34   012.8    013.8    013.3    00034    00518
 2       160.017315  0:24:56   013.1    014.3    013.5    00032    00502
 3       160.018843  0:27:8    013.2    014.2    013.9    00032    00512
 4       160.020370  0:29:20   012.9    014.4    013.4    00030    00517
 5       160.021817  0:31:25   002.2    017.7    295.3    00036    00572
 0       160.012060  0:17:22 
