 Tow: L11s-A   RVWS/WS1406
 Date: 06/08/2014
 Temperature Probe #  2597    Conductivity Probe #  2870   Pressure Probe #  109
 Flow Meter Calibration  4.71 (m/count)  
                          MOCNESS STATISTICAL SUMMARY
              
net#   pmin   pmax   pavg   tmin   tmax   tavg   thmin  thmax  thavg  smin   smax   savg
 1     013.9  014.8  014.3  27.1   27.2   27.1   27.1   27.2   27.1   36.22  36.23  36.22
 2     013.2  014.4  013.8  27.1   27.3   27.2   27.1   27.3   27.2   36.20  36.25  36.23
 3     013.9  014.5  014.1  27.1   27.1   27.1   27.1   27.1   27.1   36.21  36.23  36.22
 4     014.0  014.6  014.3  27.1   27.1   27.1   27.1   27.1   27.1   36.19  36.22  36.21
 5     002.0  016.7  275.1  25.1   28.3   847.0  25.1   28.3   846.9  00.32  36.22  988.49
              
net#   simin  simax  siavg  cmin   cmax   cavg   fmin   fmax   favg   oxmin  oxmax  oxavg
 1     23.59  23.61  23.60  00.00  00.00  00.00  00.00  00.00  00.00  00.0   00.0   00.0
 2     23.54  23.61  23.58  00.00  00.00  00.00  00.00  00.00  00.00  00.0   00.0   00.0
 3     23.60  23.62  23.61  00.00  00.00  00.00  00.00  00.00  00.00  00.0   00.0   00.0
 4     23.57  23.61  23.60  00.00  00.00  00.00  00.00  00.00  00.00  00.0   00.0   00.0
 5     -02.73 23.62  628.76 00.00  00.00  00.00  00.00  00.00  00.00  00.0   00.0   00.0
              
net#      irrmin        irrmax       irravg
 1     0.000000000 0.000000000 0.000000000
 2     0.000000000 0.000000000 0.000000000
 3     0.000000000 0.000000000 0.000000000
 4     0.000000000 0.000000000 0.000000000
 5     0.000000000 0.000000000 0.000000000
              
net#   amin   amax   aavg   spmin  spmax  spavg  armin  armax  aravg     #obs      vol
 1      48.0  57.0   49.6   01.7   02.0   01.9   -01.0 01.1    00.0      00035     00498
 2      47.0  57.0   48.7   01.7   02.0   01.9   -01.8 02.7    00.1      00035     00486
 3      46.0  56.0   47.1   01.7   02.0   01.9   -00.6 00.8    -00.1     00033     00488
 4      46.0  55.0   46.5   01.7   02.0   01.9   -00.6 00.6    00.0      00032     00489
 5      34.0  50.0   1259.0 01.4   02.9   77.0   -04.5 14.0    182.4     00031     00589
              
net#   Yearday/Time  hh:mm:ss  pmin      pmax     pavg     #obs     vol
                   (NetOpenTime)
 1       160.242153  5:48:41   013.9    014.8    014.3    00035    00498
 2       160.243831  5:51:7    013.2    014.4    013.8    00035    00486
 3       160.245498  5:53:30   013.9    014.5    014.1    00033    00488
 4       160.247083  5:55:47   014.0    014.6    014.3    00032    00489
 5       160.248611  5:58:0    002.0    016.7    275.1    00031    00589
 0       160.239792  5:45:18 
