 Tow: L12s-A   RVWS/WS1406
 Date: 06/09/2014
 Temperature Probe #  2597    Conductivity Probe #  2870   Pressure Probe #  109
 Flow Meter Calibration  4.71 (m/count)  
                          MOCNESS STATISTICAL SUMMARY
              
net#   pmin   pmax   pavg   tmin   tmax   tavg   thmin  thmax  thavg  smin   smax   savg
 1     013.4  014.3  013.9  27.7   27.7   27.7   27.7   27.7   27.7   36.25  36.29  36.27
 2     013.7  014.2  013.9  27.7   27.7   27.7   27.7   27.7   27.7   36.31  36.44  36.37
 3     013.6  014.2  013.9  27.7   27.7   27.7   27.7   27.7   27.7   36.43  36.45  36.44
 4     013.5  014.1  013.8  27.7   27.7   27.7   27.7   27.7   27.7   36.43  36.45  36.44
 5     002.4  017.1  334.7  27.5   28.4   806.7  27.5   28.4   806.6  36.33  36.50  1056.28
              
net#   simin  simax  siavg  cmin   cmax   cavg   fmin   fmax   favg   oxmin  oxmax  oxavg
 1     23.42  23.46  23.44  00.00  00.00  00.00  00.00  00.00  00.00  00.0   00.0   00.0
 2     23.47  23.57  23.52  00.00  00.00  00.00  00.00  00.00  00.00  00.0   00.0   00.0
 3     23.57  23.58  23.58  00.00  00.00  00.00  00.00  00.00  00.00  00.0   00.0   00.0
 4     23.57  23.58  23.58  00.00  00.00  00.00  00.00  00.00  00.00  00.0   00.0   00.0
 5     23.30  23.68  682.33 00.00  00.00  00.00  00.00  00.00  00.00  00.0   00.0   00.0
              
net#      irrmin        irrmax       irravg
 1     0.000000000 0.000000000 0.000000000
 2     0.000000000 0.000000000 0.000000000
 3     0.000000000 0.000000000 0.000000000
 4     0.000000000 0.000000000 0.000000000
 5     0.000000000 0.000000000 0.000000000
              
net#   amin   amax   aavg   spmin  spmax  spavg  armin  armax  aravg     #obs      vol
 1      46.0  57.0   48.9   01.7   02.0   01.8   -01.2 02.3    00.1      00036     00502
 2      46.0  56.0   47.4   01.7   02.0   01.8   -01.0 01.0    00.0      00037     00535
 3      46.0  55.0   46.5   01.7   02.0   01.9   -00.6 01.0    00.1      00033     00507
 4      46.0  56.0   46.5   01.7   02.0   02.0   -00.6 00.8    00.0      00031     00489
 5      37.0  50.0   1157.0 02.0   02.9   75.0   -05.5 12.1    134.2     00029     00655
              
net#   Yearday/Time  hh:mm:ss  pmin      pmax     pavg     #obs     vol
                   (NetOpenTime)
 1       160.520313  12:29:15  013.4    014.3    013.9    00036    00502
 2       160.522037  12:31:43  013.7    014.2    013.9    00037    00535
 3       160.523796  12:34:15  013.6    014.2    013.9    00033    00507
 4       160.525382  12:36:33  013.5    014.1    013.8    00031    00489
 5       160.526863  12:38:40  002.4    017.1    334.7    00029    00655
 0       160.516944  12:24:24
