 Tow: L12s-B   RVWS/WS1406
 Date: 06/09/2014
 Temperature Probe #  2597    Conductivity Probe #  2870   Pressure Probe #  109
 Flow Meter Calibration  4.71 (m/count)  
                          MOCNESS STATISTICAL SUMMARY
              
net#   pmin   pmax   pavg   tmin   tmax   tavg   thmin  thmax  thavg  smin   smax   savg
 1     013.6  014.2  014.0  27.9   27.9   27.9   27.9   27.9   27.9   36.30  36.35  36.32
 2     013.4  014.0  013.8  27.9   27.9   27.9   27.9   27.9   27.9   36.35  36.40  36.37
 3     013.5  014.4  013.8  27.9   27.9   27.9   27.9   27.9   27.9   36.35  36.42  36.39
 4     013.5  014.3  013.7  27.9   28.0   27.9   27.9   28.0   27.9   36.36  36.42  36.39
 5     002.4  014.8  214.4  27.9   28.1   588.7  27.9   28.1   588.6  36.35  36.43  764.26
              
net#   simin  simax  siavg  cmin   cmax   cavg   fmin   fmax   favg   oxmin  oxmax  oxavg
 1     23.40  23.44  23.42  00.00  00.00  00.00  00.00  00.00  00.00  00.0   00.0   00.0
 2     23.44  23.48  23.46  00.00  00.00  00.00  00.00  00.00  00.00  00.0   00.0   00.0
 3     23.45  23.49  23.47  00.00  00.00  00.00  00.00  00.00  00.00  00.0   00.0   00.0
 4     23.44  23.48  23.46  00.00  00.00  00.00  00.00  00.00  00.00  00.0   00.0   00.0
 5     23.39  23.49  492.15 00.00  00.00  00.00  00.00  00.00  00.00  00.0   00.0   00.0
              
net#      irrmin        irrmax       irravg
 1     0.000000000 0.000000000 0.000000000
 2     0.000000000 0.000000000 0.000000000
 3     0.000000000 0.000000000 0.000000000
 4     0.000000000 0.000000000 0.000000000
 5     0.000000000 0.000000000 0.000000000
              
net#   amin   amax   aavg   spmin  spmax  spavg  armin  armax  aravg     #obs      vol
 1      49.0  60.0   50.0   01.7   02.0   01.9   -00.8 01.4    00.2      00036     00508
 2      48.0  59.0   49.3   01.7   02.0   01.9   -00.8 01.0    00.0      00035     00503
 3      47.0  57.0   48.3   01.7   02.0   02.0   -01.2 00.6    -00.1     00035     00529
 4      47.0  58.0   48.2   02.0   02.3   02.1   -00.8 01.2    00.2      00032     00527
 5      41.0  51.0   911.0  02.3   03.1   57.8   -02.3 13.7    123.4     00021     00467
              
net#   Yearday/Time  hh:mm:ss  pmin      pmax     pavg     #obs     vol
                   (NetOpenTime)
 1       160.546979  13:7:38   013.6    014.2    014.0    00036    00508
 2       160.548704  13:10:8   013.4    014.0    013.8    00035    00503
 3       160.550370  13:12:32  013.5    014.4    013.8    00035    00529
 4       160.552049  13:14:56  013.5    014.3    013.7    00032    00527
 5       160.553576  13:17:9   002.4    014.8    214.4    00021    00467
 0       160.541088  12:59:9 
