 Tow: L13s-B   RVWS/WS1406
 Date: 06/09/2014
 Temperature Probe #  2597    Conductivity Probe #  2870   Pressure Probe #  109
 Flow Meter Calibration  4.71 (m/count)  
                          MOCNESS STATISTICAL SUMMARY
              
net#   pmin   pmax   pavg   tmin   tmax   tavg   thmin  thmax  thavg  smin   smax   savg
 1     014.3  014.8  014.5  28.0   28.0   28.0   28.0   28.0   28.0   36.43  36.50  36.46
 2     013.6  014.2  014.0  28.0   28.1   28.1   28.0   28.1   28.0   36.39  36.54  36.50
 3     013.7  014.2  014.0  28.0   28.1   28.0   28.0   28.1   28.0   36.53  36.56  36.55
 4     013.6  014.2  013.9  28.0   28.0   28.0   28.0   28.0   28.0   36.55  36.57  36.56
 5     002.5  015.6  196.9  27.9   29.4   592.2  27.9   29.4   592.1  36.35  36.59  767.75
              
net#   simin  simax  siavg  cmin   cmax   cavg   fmin   fmax   favg   oxmin  oxmax  oxavg
 1     23.48  23.54  23.50  00.00  00.00  00.00  00.00  00.00  00.00  00.0   00.0   00.0
 2     23.42  23.54  23.51  00.00  00.00  00.00  00.00  00.00  00.00  00.0   00.0   00.0
 3     23.53  23.58  23.55  00.00  00.00  00.00  00.00  00.00  00.00  00.0   00.0   00.0
 4     23.57  23.58  23.57  00.00  00.00  00.00  00.00  00.00  00.00  00.0   00.0   00.0
 5     22.96  23.61  493.61 00.00  00.00  00.00  00.00  00.00  00.00  00.0   00.0   00.0
              
net#      irrmin        irrmax       irravg
 1     0.000000000 0.000000000 0.000000000
 2     0.000000000 0.000000000 0.000000000
 3     0.000000000 0.000000000 0.000000000
 4     0.000000000 0.000000000 0.000000000
 5     0.000000000 0.000000000 0.000000000
              
net#   amin   amax   aavg   spmin  spmax  spavg  armin  armax  aravg     #obs      vol
 1      54.0  61.0   55.5   02.0   02.3   02.0   -00.5 01.4    00.2      00037     00515
 2      50.0  60.0   50.8   02.0   02.3   02.1   -00.5 01.0    00.2      00032     00502
 3      49.0  59.0   49.6   02.0   02.3   02.1   -00.7 00.6    00.0      00032     00515
 4      49.0  60.0   49.8   02.0   02.3   02.1   -00.7 00.8    00.1      00032     00513
 5      45.0  53.0   993.0  02.3   03.4   61.8   -03.3 15.1    148.6     00021     00463
              
net#   Yearday/Time  hh:mm:ss  pmin      pmax     pavg     #obs     vol
                   (NetOpenTime)
 1       160.777211  18:39:10  014.3    014.8    014.5    00037    00515
 2       160.778970  18:41:43  013.6    014.2    014.0    00032    00502
 3       160.780509  18:43:55  013.7    014.2    014.0    00032    00515
 4       160.782037  18:46:7   013.6    014.2    013.9    00032    00513
 5       160.783576  18:48:21  002.5    015.6    196.9    00021    00463
 0       160.769051  18:27:25
