 Tow: L13s-A   RVWS/WS1406
 Date: 06/09/2014
 Temperature Probe #  2597    Conductivity Probe #  2870   Pressure Probe #  109
 Flow Meter Calibration  4.71 (m/count)  
                          MOCNESS STATISTICAL SUMMARY
              
net#   pmin   pmax   pavg   tmin   tmax   tavg   thmin  thmax  thavg  smin   smax   savg
 1     012.7  014.7  013.8  28.0   28.0   28.0   28.0   28.0   28.0   36.30  36.37  36.31
 2     013.8  014.5  014.2  28.0   28.0   28.0   28.0   28.0   28.0   36.31  36.33  36.32
 3     013.7  014.4  014.0  28.0   28.0   28.0   28.0   28.0   28.0   36.32  36.35  36.33
 4     013.6  014.2  013.9  28.0   28.0   28.0   28.0   28.0   28.0   36.34  36.40  36.35
 5     002.8  014.7  208.5  27.6   28.7   646.0  27.6   28.7   645.9  01.00  36.41  782.38
              
net#   simin  simax  siavg  cmin   cmax   cavg   fmin   fmax   favg   oxmin  oxmax  oxavg
 1     23.38  23.43  23.39  00.00  00.00  00.00  00.00  00.00  00.00  00.0   00.0   00.0
 2     23.39  23.41  23.40  00.00  00.00  00.00  00.00  00.00  00.00  00.0   00.0   00.0
 3     23.40  23.42  23.40  00.00  00.00  00.00  00.00  00.00  00.00  00.0   00.0   00.0
 4     23.40  23.45  23.41  00.00  00.00  00.00  00.00  00.00  00.00  00.0   00.0   00.0
 5     -02.89 23.44  497.70 00.00  00.00  00.00  00.00  00.00  00.00  00.0   00.0   00.0
              
net#      irrmin        irrmax       irravg
 1     0.000000000 0.000000000 0.000000000
 2     0.000000000 0.000000000 0.000000000
 3     0.000000000 0.000000000 0.000000000
 4     0.000000000 0.000000000 0.000000000
 5     0.000000000 0.000000000 0.000000000
              
net#   amin   amax   aavg   spmin  spmax  spavg  armin  armax  aravg     #obs      vol
 1      43.0  50.0   44.3   01.4   01.7   01.6   -02.8 01.7    -00.3     00036     00493
 2      42.0  50.0   42.8   01.4   01.7   01.7   -00.7 01.1    00.1      00036     00502
 3      42.0  49.0   42.6   01.4   01.7   01.7   -00.7 00.7    00.0      00036     00524
 4      41.0  50.0   42.3   01.7   02.0   01.8   -00.5 01.1    00.2      00029     00429
 5      34.0  44.0   848.0  01.7   02.6   55.2   -01.7 14.3    153.8     00023     00474
              
net#   Yearday/Time  hh:mm:ss  pmin      pmax     pavg     #obs     vol
                   (NetOpenTime)
 1       160.747326  17:56:8   012.7    014.7    013.8    00036    00493
 2       160.749051  17:58:38  013.8    014.5    014.2    00036    00502
 3       160.750775  18:1:7    013.7    014.4    014.0    00036    00524
 4       160.752488  18:3:35   013.6    014.2    013.9    00029    00429
 5       160.753877  18:5:35   002.8    014.7    208.5    00023    00474
 0       160.742222  17:48:48
