 Tow: L1s-A   RVWS/WS1406
 Date: 06/06/2014
 Temperature Probe #  2597    Conductivity Probe #  2870   Pressure Probe #  109
 Flow Meter Calibration  4.71 (m/count)  
                          MOCNESS STATISTICAL SUMMARY
              
net#   pmin   pmax   pavg   tmin   tmax   tavg   thmin  thmax  thavg  smin   smax   savg
 1     013.4  014.1  013.7  26.9   26.9   26.9   26.9   26.9   26.9   36.36  36.36  36.36
 2     013.1  013.8  013.5  26.9   26.9   26.9   26.9   26.9   26.9   36.35  36.36  36.36
 3     013.1  014.6  014.2  26.9   26.9   26.9   26.9   26.9   26.9   36.35  36.36  36.36
 4     013.8  014.8  014.2  26.9   26.9   26.9   26.9   26.9   26.9   36.35  36.36  36.35
 5     003.1  016.2  475.6  26.9   27.8   1439.1 26.9   27.8   1439.0 36.16  36.37  1926.30
              
net#   simin  simax  siavg  cmin   cmax   cavg   fmin   fmax   favg   oxmin  oxmax  oxavg
 1     23.77  23.77  23.77  00.00  00.00  00.00  00.00  00.00  00.00  00.0   00.0   00.0
 2     23.76  23.77  23.77  00.00  00.00  00.00  00.00  00.00  00.00  00.0   00.0   00.0
 3     23.76  23.77  23.77  00.00  00.00  00.00  00.00  00.00  00.00  00.0   00.0   00.0
 4     23.76  23.77  23.76  00.00  00.00  00.00  00.00  00.00  00.00  00.0   00.0   00.0
 5     23.40  23.77  1255.2900.00  00.00  00.00  00.00  00.00  00.00  00.0   00.0   00.0
              
net#      irrmin        irrmax       irravg
 1     0.000000000 0.000000000 0.000000000
 2     0.000000000 0.000000000 0.000000000
 3     0.000000000 0.000000000 0.000000000
 4     0.000000000 0.000000000 0.000000000
 5     0.000000000 0.000000000 0.000000000
              
net#   amin   amax   aavg   spmin  spmax  spavg  armin  armax  aravg     #obs      vol
 1      51.0  62.0   52.1   02.0   02.3   02.1   -00.4 01.1    00.3      00032     00487
 2      51.0  61.0   51.9   02.0   02.3   02.2   -00.8 01.1    00.0      00033     00507
 3      50.0  61.0   51.1   02.0   02.3   02.1   -02.8 01.1    -00.5     00031     00486
 4      49.0  61.0   50.5   02.0   02.3   02.2   -00.5 01.1    00.2      00030     00487
 5      45.0  54.0   2476.0 02.3   03.1   155.6  -04.0 06.5    163.1     00053     01204
              
net#   Yearday/Time  hh:mm:ss  pmin      pmax     pavg     #obs     vol
                   (NetOpenTime)
 1       157.795012  19:4:49   013.4    014.1    013.7    00032    00487
 2       157.796551  19:7:1    013.1    013.8    013.5    00033    00507
 3       157.798125  19:9:18   013.1    014.6    014.2    00031    00486
 4       157.799606  19:11:26  013.8    014.8    014.2    00030    00487
 5       157.801053  19:13:30  003.1    016.2    475.6    00053    01204
 0       157.791736  19:0:6  
