 Tow: L1s-B   RVWS/WS1406
 Date: 06/06/2014
 Temperature Probe #  2597    Conductivity Probe #  2870   Pressure Probe #  109
 Flow Meter Calibration  4.71 (m/count)  
                          MOCNESS STATISTICAL SUMMARY
              
net#   pmin   pmax   pavg   tmin   tmax   tavg   thmin  thmax  thavg  smin   smax   savg
 1     012.0  013.9  013.1  27.1   27.3   27.2   27.1   27.3   27.2   36.31  36.37  36.35
 2     012.8  014.9  013.6  27.1   27.4   27.2   27.1   27.3   27.2   36.32  36.39  36.35
 3     012.9  014.4  013.6  27.2   27.3   27.3   27.2   27.3   27.3   36.30  36.38  36.35
 4     013.7  015.0  014.3  27.2   27.3   27.2   27.2   27.3   27.2   36.35  36.37  36.36
 5     003.0  017.3  426.9  27.1   27.7   1065.2 27.1   27.7   1065.1 36.31  36.39  1417.45
              
net#   simin  simax  siavg  cmin   cmax   cavg   fmin   fmax   favg   oxmin  oxmax  oxavg
 1     23.61  23.71  23.67  00.00  00.00  00.00  00.00  00.00  00.00  00.0   00.0   00.0
 2     23.62  23.73  23.67  00.00  00.00  00.00  00.00  00.00  00.00  00.0   00.0   00.0
 3     23.59  23.69  23.65  00.00  00.00  00.00  00.00  00.00  00.00  00.0   00.0   00.0
 4     23.65  23.68  23.67  00.00  00.00  00.00  00.00  00.00  00.00  00.0   00.0   00.0
 5     23.48  23.72  921.71 00.00  00.00  00.00  00.00  00.00  00.00  00.0   00.0   00.0
              
net#      irrmin        irrmax       irravg
 1     0.000000000 0.000000000 0.000000000
 2     0.000000000 0.000000000 0.000000000
 3     0.000000000 0.000000000 0.000000000
 4     0.000000000 0.000000000 0.000000000
 5     0.000000000 0.000000000 0.000000000
              
net#   amin   amax   aavg   spmin  spmax  spavg  armin  armax  aravg     #obs      vol
 1      42.0  56.0   47.0   01.4   01.7   01.7   -02.9 03.0    -00.1     00038     00506
 2      46.0  62.0   50.7   01.7   02.3   02.0   -03.7 03.8    00.1      00032     00484
 3      51.0  66.0   53.3   02.3   02.6   02.4   -02.5 02.0    -00.2     00029     00480
 4      51.0  64.0   53.5   02.3   02.6   02.5   -01.3 01.6    -00.2     00028     00493
 5      47.0  57.0   2009.0 02.6   03.7   125.9  -05.6 07.6    153.2     00039     00882
              
net#   Yearday/Time  hh:mm:ss  pmin      pmax     pavg     #obs     vol
                   (NetOpenTime)
 1       157.823426  19:45:44  012.0    013.9    013.1    00038    00506
 2       157.825231  19:48:19  012.8    014.9    013.6    00032    00484
 3       157.826771  19:50:33  012.9    014.4    013.6    00029    00480
 4       157.828160  19:52:33  013.7    015.0    014.3    00028    00493
 5       157.829502  19:54:29  003.0    017.3    426.9    00039    00882
 0       157.820359  19:41:19
