 Tow: L2s-A   RVWS/WS1406
 Date: 06/06/2014
 Temperature Probe #  2597    Conductivity Probe #  2870   Pressure Probe #  109
 Flow Meter Calibration  4.71 (m/count)  
                          MOCNESS STATISTICAL SUMMARY
              
net#   pmin   pmax   pavg   tmin   tmax   tavg   thmin  thmax  thavg  smin   smax   savg
 1     012.8  014.0  013.5  27.0   27.1   27.1   27.0   27.1   27.1   36.34  36.36  36.35
 2     012.9  014.1  013.3  27.0   27.1   27.0   27.0   27.1   27.0   36.31  36.34  36.33
 3     012.8  014.0  013.5  27.0   27.1   27.1   27.0   27.1   27.0   36.31  36.34  36.33
 4     014.1  014.7  014.4  27.0   27.0   27.0   27.0   27.0   27.0   36.33  36.34  36.33
 5     002.0  017.8  1099.0 25.2   27.8   8282.2 25.2   27.8   8282.0 00.36  50.00  14924.46
              
net#   simin  simax  siavg  cmin   cmax   cavg   fmin   fmax   favg   oxmin  oxmax  oxavg
 1     23.70  23.74  23.72  00.00  00.00  00.00  00.00  00.00  00.00  00.0   00.0   00.0
 2     23.69  23.74  23.72  00.00  00.00  00.00  00.00  00.00  00.00  00.0   00.0   00.0
 3     23.69  23.73  23.71  00.00  00.00  00.00  00.00  00.00  00.00  00.0   00.0   00.0
 4     23.72  23.73  23.72  00.00  00.00  00.00  00.00  00.00  00.00  00.0   00.0   00.0
 5     -03.27 34.66  10172.22
                            00.00  00.00  00.00  00.00  00.00  00.00  00.0   00.0   00.0
              
net#      irrmin        irrmax       irravg
 1     0.000000000 0.000000000 0.000000000
 2     0.000000000 0.000000000 0.000000000
 3     0.000000000 0.000000000 0.000000000
 4     0.000000000 0.000000000 0.000000000
 5     0.000000000 0.000000000 0.000000000
              
net#   amin   amax   aavg   spmin  spmax  spavg  armin  armax  aravg     #obs      vol
 1      57.0  70.0   58.6   02.3   02.6   02.5   -01.8 01.4    -00.2     00032     00497
 2      57.0  72.0   58.6   02.3   02.9   02.6   -00.4 01.4    00.4      00031     00506
 3      57.0  69.0   58.1   02.6   02.9   02.7   -01.9 01.0    -00.3     00030     00503
 4      64.0  71.0   64.6   02.0   02.9   02.2   -01.7 00.6    -00.2     00043     00482
 5      34.0  89.0   25750.000.0   04.0   173.4  -06.0 10.5    181.7     00313     00968
              
net#   Yearday/Time  hh:mm:ss  pmin      pmax     pavg     #obs     vol
                   (NetOpenTime)
 1       158.008900  0:12:48   012.8    014.0    013.5    00032    00497
 2       158.010428  0:15:1    012.9    014.1    013.3    00031    00506
 3       158.011921  0:17:10   012.8    014.0    013.5    00030    00503
 4       158.013356  0:19:14   014.1    014.7    014.4    00043    00482
 5       158.015405  0:22:10   002.0    017.8    1099.0   00313    00968
 0       158.005139  0:7:24  
