 Tow: L2s-B   RVWS/WS1406
 Date: 06/06/2014
 Temperature Probe #  2597    Conductivity Probe #  2870   Pressure Probe #  109
 Flow Meter Calibration  4.71 (m/count)  
                          MOCNESS STATISTICAL SUMMARY
              
net#   pmin   pmax   pavg   tmin   tmax   tavg   thmin  thmax  thavg  smin   smax   savg
 1     010.5  014.5  013.1  27.0   27.0   27.0   27.0   27.0   27.0   36.34  36.35  36.35
 2     013.8  014.8  014.3  27.0   27.0   27.0   26.9   27.0   27.0   36.34  36.35  36.35
 3     013.3  014.1  013.7  27.0   27.0   27.0   27.0   27.0   27.0   36.34  36.35  36.34
 4     013.4  013.9  013.6  27.0   27.0   27.0   27.0   27.0   27.0   36.35  36.35  36.35
 5     002.3  015.8  387.9  25.7   27.5   1297.8 25.7   27.5   1297.8 00.26  50.00  1729.47
              
net#   simin  simax  siavg  cmin   cmax   cavg   fmin   fmax   favg   oxmin  oxmax  oxavg
 1     23.73  23.75  23.74  00.00  00.00  00.00  00.00  00.00  00.00  00.0   00.0   00.0
 2     23.75  23.75  23.75  00.00  00.00  00.00  00.00  00.00  00.00  00.0   00.0   00.0
 3     23.74  23.75  23.74  00.00  00.00  00.00  00.00  00.00  00.00  00.0   00.0   00.0
 4     23.74  23.75  23.75  00.00  00.00  00.00  00.00  00.00  00.00  00.0   00.0   00.0
 5     -03.18 34.52  1127.8200.00  00.00  00.00  00.00  00.00  00.00  00.0   00.0   00.0
              
net#      irrmin        irrmax       irravg
 1     0.000000000 0.000000000 0.000000000
 2     0.000000000 0.000000000 0.000000000
 3     0.000000000 0.000000000 0.000000000
 4     0.000000000 0.000000000 0.000000000
 5     0.000000000 0.000000000 0.000000000
              
net#   amin   amax   aavg   spmin  spmax  spavg  armin  armax  aravg     #obs      vol
 1      59.0  75.0   63.3   01.4   03.1   02.7   -06.0 05.5    -00.5     00032     00504
 2      58.0  72.0   60.7   02.6   03.1   02.8   -01.2 01.6    00.1      00033     00536
 3      57.0  71.0   58.0   02.6   02.9   02.7   -01.0 01.2    00.2      00030     00516
 4      57.0  71.0   58.3   02.6   02.9   02.7   -01.0 01.0    00.1      00030     00512
 5      47.0  61.0   2770.0 00.6   04.0   159.9  -04.3 09.0    169.2     00048     00892
              
net#   Yearday/Time  hh:mm:ss  pmin      pmax     pavg     #obs     vol
                   (NetOpenTime)
 1       158.037662  0:54:13   010.5    014.5    013.1    00032    00504
 2       158.039190  0:56:26   013.8    014.8    014.3    00033    00536
 3       158.040775  0:58:43   013.3    014.1    013.7    00030    00516
 4       158.042211  1:0:47    013.4    013.9    013.6    00030    00512
 5       158.043657  1:2:51    002.3    015.8    387.9    00048    00892
 0       158.032870  0:47:19 
