 Tow: L3s-A   RVWS/WS1406
 Date: 06/06/2014
 Temperature Probe #  2597    Conductivity Probe #  2870   Pressure Probe #  109
 Flow Meter Calibration  4.71 (m/count)  
                          MOCNESS STATISTICAL SUMMARY
              
net#   pmin   pmax   pavg   tmin   tmax   tavg   thmin  thmax  thavg  smin   smax   savg
 1     013.7  014.4  014.1  27.0   27.0   27.0   27.0   27.0   27.0   36.33  36.33  36.33
 2     013.7  014.4  014.0  27.0   27.0   27.0   27.0   27.0   27.0   36.33  36.33  36.33
 3     013.4  014.3  013.7  27.0   27.0   27.0   27.0   27.0   27.0   36.33  36.33  36.33
 4     013.3  014.0  013.5  27.0   27.0   27.0   27.0   27.0   27.0   36.33  36.33  36.33
 5     002.0  017.6  434.5  27.0   27.2   1301.3 27.0   27.2   1301.2 32.36  36.34  1739.72
              
net#   simin  simax  siavg  cmin   cmax   cavg   fmin   fmax   favg   oxmin  oxmax  oxavg
 1     23.73  23.73  23.73  00.00  00.00  00.00  00.00  00.00  00.00  00.0   00.0   00.0
 2     23.73  23.73  23.73  00.00  00.00  00.00  00.00  00.00  00.00  00.0   00.0   00.0
 3     23.73  23.74  23.73  00.00  00.00  00.00  00.00  00.00  00.00  00.0   00.0   00.0
 4     23.72  23.73  23.73  00.00  00.00  00.00  00.00  00.00  00.00  00.0   00.0   00.0
 5     20.66  23.73  1133.8700.00  00.00  00.00  00.00  00.00  00.00  00.0   00.0   00.0
              
net#      irrmin        irrmax       irravg
 1     0.000000000 0.000000000 0.000000000
 2     0.000000000 0.000000000 0.000000000
 3     0.000000000 0.000000000 0.000000000
 4     0.000000000 0.000000000 0.000000000
 5     0.000000000 0.000000000 0.000000000
              
net#   amin   amax   aavg   spmin  spmax  spavg  armin  armax  aravg     #obs      vol
 1      49.0  59.0   50.7   01.7   02.0   01.9   -01.0 01.3    00.2      00036     00504
 2      48.0  58.0   49.3   01.7   02.0   01.9   -01.2 01.2    00.0      00035     00516
 3      47.0  59.0   48.6   01.7   02.3   02.0   -00.6 01.3    00.2      00034     00522
 4      48.0  58.0   49.5   01.7   02.3   02.1   -01.0 00.6    -00.1     00033     00516
 5      40.0  51.0   2135.0 02.3   03.1   134.2  -06.3 11.1    175.0     00048     01065
              
net#   Yearday/Time  hh:mm:ss  pmin      pmax     pavg     #obs     vol
                   (NetOpenTime)
 1       158.251493  6:2:9     013.7    014.4    014.1    00036    00504
 2       158.253206  6:4:36    013.7    014.4    014.0    00035    00516
 3       158.254884  6:7:2     013.4    014.3    013.7    00034    00522
 4       158.256505  6:9:22    013.3    014.0    013.5    00033    00516
 5       158.258090  6:11:38   002.0    017.6    434.5    00048    01065
 0       158.248611  5:58:0  
