 Tow: L3s-B   RVWS/WS1406
 Date: 06/06/2014
 Temperature Probe #  2597    Conductivity Probe #  2870   Pressure Probe #  109
 Flow Meter Calibration  4.71 (m/count)  
                          MOCNESS STATISTICAL SUMMARY
              
net#   pmin   pmax   pavg   tmin   tmax   tavg   thmin  thmax  thavg  smin   smax   savg
 1     009.4  017.1  015.0  27.4   27.7   27.5   27.4   27.7   27.5   35.74  36.39  36.31
 2     009.1  015.0  012.4  27.5   27.7   27.7   27.5   27.7   27.7   36.27  36.34  36.30
 3     012.9  014.2  013.3  27.6   27.7   27.7   27.6   27.7   27.7   36.30  36.32  36.31
 4     012.6  014.3  013.2  27.6   27.7   27.6   27.6   27.7   27.6   36.30  36.32  36.32
 5     001.8  017.6  1361.8 25.6   28.0   11510.625.6   28.0   11510.300.95  50.00  20463.80
              
net#   simin  simax  siavg  cmin   cmax   cavg   fmin   fmax   favg   oxmin  oxmax  oxavg
 1     23.05  23.63  23.55  00.00  00.00  00.00  00.00  00.00  00.00  00.0   00.0   00.0
 2     23.45  23.57  23.48  00.00  00.00  00.00  00.00  00.00  00.00  00.0   00.0   00.0
 3     23.47  23.51  23.49  00.00  00.00  00.00  00.00  00.00  00.00  00.0   00.0   00.0
 4     23.48  23.52  23.51  00.00  00.00  00.00  00.00  00.00  00.00  00.0   00.0   00.0
 5     -02.95 34.55  13884.52
                            00.00  00.00  00.00  00.00  00.00  00.00  00.0   00.0   00.0
              
net#      irrmin        irrmax       irravg
 1     0.000000000 0.000000000 0.000000000
 2     0.000000000 0.000000000 0.000000000
 3     0.000000000 0.000000000 0.000000000
 4     0.000000000 0.000000000 0.000000000
 5     0.000000000 0.000000000 0.000000000
              
net#   amin   amax   aavg   spmin  spmax  spavg  armin  armax  aravg     #obs      vol
 1      15.0  62.0   39.4   00.6   02.0   01.3   -13.5 09.0    -00.3     00044     00499
 2      42.0  76.0   59.4   01.7   03.1   02.6   -06.7 12.9    00.7      00032     00496
 3      62.0  76.0   64.6   02.9   03.4   03.2   -00.4 02.5    00.7      00030     00500
 4      66.0  79.0   67.2   03.1   03.4   03.2   -01.6 00.8    -00.3     00031     00487
 5      31.0  89.0   35951.000.0   04.0   194.0  -07.6 07.4    174.8     00427     00669
              
net#   Yearday/Time  hh:mm:ss  pmin      pmax     pavg     #obs     vol
                   (NetOpenTime)
 1       158.279745  6:42:50   009.4    017.1    015.0    00044    00499
 2       158.281829  6:45:49   009.1    015.0    012.4    00032    00496
 3       158.283368  6:48:2    012.9    014.2    013.3    00030    00500
 4       158.284803  6:50:6    012.6    014.3    013.2    00031    00487
 5       158.286296  6:52:15   001.8    017.6    1361.8   00427    00669
 0       158.276481  6:38:8  
