 Tow: L4s-B   RVWS/WS1406
 Date: 06/07/2014
 Temperature Probe #  2597    Conductivity Probe #  2870   Pressure Probe #  109
 Flow Meter Calibration  4.71 (m/count)  
                          MOCNESS STATISTICAL SUMMARY
              
net#   pmin   pmax   pavg   tmin   tmax   tavg   thmin  thmax  thavg  smin   smax   savg
 1     014.1  014.9  014.5  27.0   27.0   27.0   27.0   27.0   27.0   36.33  36.34  36.34
 2     013.7  015.4  014.3  27.0   27.0   27.0   27.0   27.0   27.0   36.33  36.34  36.34
 3     013.9  015.4  014.4  27.0   27.0   27.0   27.0   27.0   27.0   36.32  36.34  36.33
 4     013.6  014.7  014.1  27.0   27.0   27.0   27.0   27.0   27.0   36.29  36.32  36.31
 5     002.3  017.2  417.5  27.0   27.2   1135.3 27.0   27.2   1135.2 36.28  36.33  1524.77
              
net#   simin  simax  siavg  cmin   cmax   cavg   fmin   fmax   favg   oxmin  oxmax  oxavg
 1     23.72  23.73  23.72  00.00  00.00  00.00  00.00  00.00  00.00  00.0   00.0   00.0
 2     23.72  23.73  23.73  00.00  00.00  00.00  00.00  00.00  00.00  00.0   00.0   00.0
 3     23.72  23.73  23.72  00.00  00.00  00.00  00.00  00.00  00.00  00.0   00.0   00.0
 4     23.71  23.72  23.72  00.00  00.00  00.00  00.00  00.00  00.00  00.0   00.0   00.0
 5     23.64  23.73  995.11 00.00  00.00  00.00  00.00  00.00  00.00  00.0   00.0   00.0
              
net#      irrmin        irrmax       irravg
 1     0.000000000 0.000000000 0.000000000
 2     0.000000000 0.000000000 0.000000000
 3     0.000000000 0.000000000 0.000000000
 4     0.000000000 0.000000000 0.000000000
 5     0.000000000 0.000000000 0.000000000
              
net#   amin   amax   aavg   spmin  spmax  spavg  armin  armax  aravg     #obs      vol
 1      56.0  64.0   57.1   02.3   02.6   02.4   -01.0 00.4    -00.1     00033     00499
 2      53.0  65.0   54.4   02.3   02.6   02.4   -02.5 02.2    -00.2     00031     00499
 3      52.0  65.0   53.8   02.3   02.6   02.4   -01.1 02.8    00.4      00031     00501
 4      52.0  68.0   54.6   02.3   02.6   02.5   -02.1 01.8    00.1      00030     00511
 5      51.0  58.0   2261.0 02.6   03.4   134.5  -05.6 08.0    173.2     00042     00882
              
net#   Yearday/Time  hh:mm:ss  pmin      pmax     pavg     #obs     vol
                   (NetOpenTime)
 1       158.553889  13:17:35  014.1    014.9    014.5    00033    00499
 2       158.555463  13:19:51  013.7    015.4    014.3    00031    00499
 3       158.556956  13:22:0   013.9    015.4    014.4    00031    00501
 4       158.558438  13:24:9   013.6    014.7    014.1    00030    00511
 5       158.559884  13:26:14  002.3    017.2    417.5    00042    00882
 0       158.551238  13:13:46
