 Tow: L5s-B   RVWS/WS1406
 Date: 06/07/2014
 Temperature Probe #  2597    Conductivity Probe #  2870   Pressure Probe #  109
 Flow Meter Calibration  4.71 (m/count)  
                          MOCNESS STATISTICAL SUMMARY
              
net#   pmin   pmax   pavg   tmin   tmax   tavg   thmin  thmax  thavg  smin   smax   savg
 1     010.2  017.3  013.7  27.8   27.8   27.8   27.8   27.8   27.8   36.49  36.50  36.49
 2     009.5  036.0  024.7  26.9   27.9   27.3   26.9   27.8   27.3   36.31  36.61  36.53
 3     011.8  013.8  012.7  27.8   27.8   27.8   27.8   27.8   27.8   36.49  36.51  36.50
 4     012.0  014.2  013.1  27.9   27.9   27.9   27.8   27.9   27.9   36.48  36.50  36.49
 5     003.1  017.6  427.5  27.7   28.1   1170.6 27.7   28.1   1170.5 36.44  36.50  1531.53
              
net#   simin  simax  siavg  cmin   cmax   cavg   fmin   fmax   favg   oxmin  oxmax  oxavg
 1     23.57  23.59  23.58  00.00  00.00  00.00  00.00  00.00  00.00  00.0   00.0   00.0
 2     23.48  23.97  23.77  00.00  00.00  00.00  00.00  00.00  00.00  00.0   00.0   00.0
 3     23.57  23.59  23.58  00.00  00.00  00.00  00.00  00.00  00.00  00.0   00.0   00.0
 4     23.56  23.58  23.57  00.00  00.00  00.00  00.00  00.00  00.00  00.0   00.0   00.0
 5     23.47  23.61  988.76 00.00  00.00  00.00  00.00  00.00  00.00  00.0   00.0   00.0
              
net#      irrmin        irrmax       irravg
 1     0.000000000 0.000000000 0.000000000
 2     0.000000000 0.000000000 0.000000000
 3     0.000000000 0.000000000 0.000000000
 4     0.000000000 0.000000000 0.000000000
 5     0.000000000 0.000000000 0.000000000
              
net#   amin   amax   aavg   spmin  spmax  spavg  armin  armax  aravg     #obs      vol
 1      52.0  74.0   57.1   02.0   02.9   02.5   -00.9 04.3    02.9      00034     00527
 2      04.0  71.0   37.4   00.0   03.1   01.4   -24.0 30.9    -00.3     00133     01314
 3      56.0  73.0   58.3   02.6   02.9   02.7   -02.5 03.2    00.4      00032     00525
 4      59.0  74.0   60.7   02.6   03.1   02.9   -02.5 00.8    -00.8     00030     00504
 5      42.0  65.0   2317.0 02.6   04.0   139.6  -07.6 10.0    138.7     00042     00877
              
net#   Yearday/Time  hh:mm:ss  pmin      pmax     pavg     #obs     vol
                   (NetOpenTime)
 1       158.812963  19:30:39  010.2    017.3    013.7    00034    00527
 2       158.814583  19:32:59  009.5    036.0    024.7    00133    01314
 3       158.820810  19:41:57  011.8    013.8    012.7    00032    00525
 4       158.822350  19:44:11  012.0    014.2    013.1    00030    00504
 5       158.823785  19:46:15  003.1    017.6    427.5    00042    00877
 0       158.807894  19:23:21
