 Tow: L6s-A   RVWS/WS1406
 Date: 06/07/2014
 Temperature Probe #  2597    Conductivity Probe #  2870   Pressure Probe #  109
 Flow Meter Calibration  4.71 (m/count)  
                          MOCNESS STATISTICAL SUMMARY
              
net#   pmin   pmax   pavg   tmin   tmax   tavg   thmin  thmax  thavg  smin   smax   savg
 1     013.2  014.0  013.5  27.8   27.8   27.8   27.8   27.8   27.8   36.42  36.42  36.42
 2     013.2  013.9  013.5  27.8   27.8   27.8   27.8   27.8   27.8   36.42  36.43  36.42
 3     013.3  013.9  013.5  27.8   27.8   27.8   27.8   27.8   27.8   36.42  36.43  36.43
 4     013.2  014.1  013.4  27.8   27.8   27.8   27.8   27.8   27.8   36.42  36.45  36.43
 5     002.3  016.4  1129.0 25.3   28.6   7795.6 25.3   28.6   7795.3 00.06  36.44  2040.07
              
net#   simin  simax  siavg  cmin   cmax   cavg   fmin   fmax   favg   oxmin  oxmax  oxavg
 1     23.53  23.54  23.54  00.00  00.00  00.00  00.00  00.00  00.00  00.0   00.0   00.0
 2     23.53  23.54  23.53  00.00  00.00  00.00  00.00  00.00  00.00  00.0   00.0   00.0
 3     23.53  23.54  23.53  00.00  00.00  00.00  00.00  00.00  00.00  00.0   00.0   00.0
 4     23.53  23.55  23.54  00.00  00.00  00.00  00.00  00.00  00.00  00.0   00.0   00.0
 5     -03.27 23.56  543.15 00.00  00.00  00.00  00.00  00.00  00.00  00.0   00.0   00.0
              
net#      irrmin        irrmax       irravg
 1     0.000000000 0.000000000 0.000000000
 2     0.000000000 0.000000000 0.000000000
 3     0.000000000 0.000000000 0.000000000
 4     0.000000000 0.000000000 0.000000000
 5     0.000000000 0.000000000 0.000000000
              
net#   amin   amax   aavg   spmin  spmax  spavg  armin  armax  aravg     #obs      vol
 1      57.0  70.0   58.8   02.3   02.9   02.6   -00.7 02.2    00.3      00032     00503
 2      57.0  71.0   58.5   02.6   02.9   02.6   -00.9 01.0    00.0      00031     00506
 3      56.0  70.0   57.9   02.6   02.9   02.7   -00.8 00.8    00.0      00030     00505
 4      55.0  72.0   57.9   02.6   02.9   02.7   -01.3 01.2    00.0      00029     00505
 5      31.0  89.0   23648.000.0   03.7   199.4  -05.4 06.1    166.9     00295     01212
              
net#   Yearday/Time  hh:mm:ss  pmin      pmax     pavg     #obs     vol
                   (NetOpenTime)
 1       159.012373  0:17:48   013.2    014.0    013.5    00032    00503
 2       159.013912  0:20:1    013.2    013.9    013.5    00031    00506
 3       159.015394  0:22:9    013.3    013.9    013.5    00030    00505
 4       159.016829  0:24:13   013.2    014.1    013.4    00029    00505
 5       159.018229  0:26:15   002.3    016.4    1129.0   00295    01212
 0       159.009259  0:13:20 
