 Tow: L6s-B   RVWS/WS1406
 Date: 06/07/2014
 Temperature Probe #  2597    Conductivity Probe #  2870   Pressure Probe #  109
 Flow Meter Calibration  4.71 (m/count)  
                          MOCNESS STATISTICAL SUMMARY
              
net#   pmin   pmax   pavg   tmin   tmax   tavg   thmin  thmax  thavg  smin   smax   savg
 1     013.7  014.7  014.2  27.0   27.0   27.0   27.0   27.0   27.0   36.47  36.48  36.47
 2     013.7  014.9  014.1  27.0   27.1   27.0   27.0   27.1   27.0   36.47  36.49  36.49
 3     013.0  014.6  013.8  27.0   27.1   27.0   27.0   27.1   27.0   36.49  36.50  36.49
 4     013.0  013.9  013.5  27.0   27.1   27.0   27.0   27.1   27.0   36.49  36.49  36.49
 5     002.4  015.9  219.8  25.7   28.4   707.0  25.7   28.4   706.9  00.11  36.49  859.28
              
net#   simin  simax  siavg  cmin   cmax   cavg   fmin   fmax   favg   oxmin  oxmax  oxavg
 1     23.81  23.83  23.83  00.00  00.00  00.00  00.00  00.00  00.00  00.0   00.0   00.0
 2     23.82  23.84  23.83  00.00  00.00  00.00  00.00  00.00  00.00  00.0   00.0   00.0
 3     23.82  23.84  23.83  00.00  00.00  00.00  00.00  00.00  00.00  00.0   00.0   00.0
 4     23.82  23.84  23.83  00.00  00.00  00.00  00.00  00.00  00.00  00.0   00.0   00.0
 5     -03.05 23.85  551.20 00.00  00.00  00.00  00.00  00.00  00.00  00.0   00.0   00.0
              
net#      irrmin        irrmax       irravg
 1     0.000000000 0.000000000 0.000000000
 2     0.000000000 0.000000000 0.000000000
 3     0.000000000 0.000000000 0.000000000
 4     0.000000000 0.000000000 0.000000000
 5     0.000000000 0.000000000 0.000000000
              
net#   amin   amax   aavg   spmin  spmax  spavg  armin  armax  aravg     #obs      vol
 1      50.0  61.0   51.4   02.0   02.3   02.0   -01.2 02.0    00.1      00033     00495
 2      49.0  58.0   50.0   02.0   02.3   02.1   -01.4 01.8    00.0      00033     00495
 3      46.0  60.0   48.9   02.0   02.3   02.1   -01.2 01.8    00.6      00031     00499
 4      49.0  60.0   49.8   02.0   02.3   02.2   -01.2 00.6    -00.2     00030     00497
 5      43.0  52.0   1210.0 01.7   03.1   73.5   -04.3 14.3    165.9     00026     00505
              
net#   Yearday/Time  hh:mm:ss  pmin      pmax     pavg     #obs     vol
                   (NetOpenTime)
 1       159.042523  1:1:13    013.7    014.7    014.2    00033    00495
 2       159.044109  1:3:31    013.7    014.9    014.1    00033    00495
 3       159.045683  1:5:47    013.0    014.6    013.8    00031    00499
 4       159.047164  1:7:54    013.0    013.9    013.5    00030    00497
 5       159.048611  1:9:59    002.4    015.9    219.8    00026    00505
 0       159.039641  0:57:5  
