 Tow: L7s-B   RVWS/WS1406
 Date: 06/08/2014
 Temperature Probe #  2597    Conductivity Probe #  2870   Pressure Probe #  109
 Flow Meter Calibration  4.71 (m/count)  
                          MOCNESS STATISTICAL SUMMARY
              
net#   pmin   pmax   pavg   tmin   tmax   tavg   thmin  thmax  thavg  smin   smax   savg
 1     012.3  013.5  013.0  27.8   27.9   27.8   27.8   27.8   27.8   36.45  36.46  36.46
 2     012.9  013.5  013.2  27.8   27.8   27.8   27.8   27.8   27.8   36.46  36.46  36.46
 3     012.7  013.6  013.2  27.8   27.8   27.8   27.8   27.8   27.8   36.45  36.46  36.46
 4     013.0  013.9  013.2  27.8   27.8   27.8   27.8   27.8   27.8   36.46  36.47  36.46
 5     002.2  016.9  410.8  26.5   28.3   1309.7 26.5   28.3   1309.6 00.12  36.47  1513.03
              
net#   simin  simax  siavg  cmin   cmax   cavg   fmin   fmax   favg   oxmin  oxmax  oxavg
 1     23.54  23.55  23.54  00.00  00.00  00.00  00.00  00.00  00.00  00.0   00.0   00.0
 2     23.54  23.55  23.55  00.00  00.00  00.00  00.00  00.00  00.00  00.0   00.0   00.0
 3     23.55  23.55  23.55  00.00  00.00  00.00  00.00  00.00  00.00  00.0   00.0   00.0
 4     23.55  23.56  23.55  00.00  00.00  00.00  00.00  00.00  00.00  00.0   00.0   00.0
 5     -03.37 23.58  956.18 00.00  00.00  00.00  00.00  00.00  00.00  00.0   00.0   00.0
              
net#      irrmin        irrmax       irravg
 1     0.000000000 0.000000000 0.000000000
 2     0.000000000 0.000000000 0.000000000
 3     0.000000000 0.000000000 0.000000000
 4     0.000000000 0.000000000 0.000000000
 5     0.000000000 0.000000000 0.000000000
              
net#   amin   amax   aavg   spmin  spmax  spavg  armin  armax  aravg     #obs      vol
 1      61.0  76.0   62.9   02.6   02.9   02.8   -01.8 01.9    00.0      00032     00492
 2      62.0  75.0   63.0   02.6   03.1   02.9   -01.0 00.8    00.0      00031     00492
 3      60.0  74.0   61.9   02.6   03.1   02.9   -01.2 01.5    00.0      00030     00495
 4      61.0  76.0   62.6   02.9   03.1   03.0   -01.4 00.6    00.0      00030     00509
 5      52.0  74.0   3077.0 00.6   04.0   161.1  -06.8 08.8    168.9     00047     00714
              
net#   Yearday/Time  hh:mm:ss  pmin      pmax     pavg     #obs     vol
                   (NetOpenTime)
 1       159.299144  7:10:45   012.3    013.5    013.0    00032    00492
 2       159.300683  7:12:58   012.9    013.5    013.2    00031    00492
 3       159.302164  7:15:7    012.7    013.6    013.2    00030    00495
 4       159.303611  7:17:12   013.0    013.9    013.2    00030    00509
 5       159.305046  7:19:16   002.2    016.9    410.8    00047    00714
 0       159.294595  7:4:12  
