 Tow: L7s-A   RVWS/WS1406
 Date: 06/08/2014
 Temperature Probe #  2597    Conductivity Probe #  2870   Pressure Probe #  109
 Flow Meter Calibration  4.71 (m/count)  
                          MOCNESS STATISTICAL SUMMARY
              
net#   pmin   pmax   pavg   tmin   tmax   tavg   thmin  thmax  thavg  smin   smax   savg
 1     012.7  013.7  013.3  27.0   27.0   27.0   27.0   27.0   27.0   36.46  36.49  36.48
 2     013.0  013.7  013.3  27.0   27.0   27.0   27.0   27.0   27.0   36.47  36.50  36.48
 3     013.0  013.5  013.2  26.9   27.0   27.0   26.9   27.0   27.0   36.47  36.49  36.48
 4     013.0  013.5  013.3  26.9   27.0   27.0   26.9   27.0   27.0   36.45  36.49  36.48
 5     002.1  016.3  300.5  26.8   27.8   1008.6 26.8   27.8   1008.6 01.00  36.50  1270.35
              
net#   simin  simax  siavg  cmin   cmax   cavg   fmin   fmax   favg   oxmin  oxmax  oxavg
 1     23.81  23.85  23.83  00.00  00.00  00.00  00.00  00.00  00.00  00.0   00.0   00.0
 2     23.82  23.85  23.84  00.00  00.00  00.00  00.00  00.00  00.00  00.0   00.0   00.0
 3     23.84  23.86  23.85  00.00  00.00  00.00  00.00  00.00  00.00  00.0   00.0   00.0
 4     23.84  23.86  23.85  00.00  00.00  00.00  00.00  00.00  00.00  00.0   00.0   00.0
 5     -02.69 23.87  819.33 00.00  00.00  00.00  00.00  00.00  00.00  00.0   00.0   00.0
              
net#      irrmin        irrmax       irravg
 1     0.000000000 0.000000000 0.000000000
 2     0.000000000 0.000000000 0.000000000
 3     0.000000000 0.000000000 0.000000000
 4     0.000000000 0.000000000 0.000000000
 5     0.000000000 0.000000000 0.000000000
              
net#   amin   amax   aavg   spmin  spmax  spavg  armin  armax  aravg     #obs      vol
 1      55.0  69.0   56.7   02.3   02.6   02.4   -01.2 01.0    -00.1     00034     00519
 2      55.0  68.0   56.2   02.3   02.6   02.4   -00.8 01.0    00.0      00033     00524
 3      54.0  67.0   55.5   02.3   02.6   02.5   -00.8 00.8    00.1      00030     00501
 4      54.0  67.0   55.2   02.3   02.6   02.6   -00.8 00.8    00.0      00030     00505
 5      51.0  59.0   2016.0 02.3   03.7   121.0  -06.1 11.5    166.4     00037     00767
              
net#   Yearday/Time  hh:mm:ss  pmin      pmax     pavg     #obs     vol
                   (NetOpenTime)
 1       159.269178  6:27:36   012.7    013.7    013.3    00034    00519
 2       159.270799  6:29:56   013.0    013.7    013.3    00033    00524
 3       159.272384  6:32:14   013.0    013.5    013.2    00030    00501
 4       159.273819  6:34:18   013.0    013.5    013.3    00030    00505
 5       159.275266  6:36:23   002.1    016.3    300.5    00037    00767
 0       159.266806  6:24:11 
