 Tow: L8s-B   RVWS/WS1406
 Date: 06/08/2014
 Temperature Probe #  2597    Conductivity Probe #  2870   Pressure Probe #  109
 Flow Meter Calibration  4.71 (m/count)  
                          MOCNESS STATISTICAL SUMMARY
              
net#   pmin   pmax   pavg   tmin   tmax   tavg   thmin  thmax  thavg  smin   smax   savg
 1     014.1  014.8  014.3  27.1   27.2   27.1   27.1   27.2   27.1   36.41  36.43  36.42
 2     013.9  014.4  014.1  27.1   27.2   27.1   27.1   27.2   27.1   36.39  36.42  36.41
 3     013.7  014.2  013.9  27.1   27.1   27.1   27.1   27.1   27.1   36.40  36.42  36.41
 4     013.8  014.7  014.0  27.0   27.1   27.1   27.0   27.1   27.0   36.40  36.42  36.41
 5     001.9  016.0  3652.0 26.6   33.6   44131.926.6   33.6   44131.000.03  50.00  28511.54
              
net#   simin  simax  siavg  cmin   cmax   cavg   fmin   fmax   favg   oxmin  oxmax  oxavg
 1     23.72  23.76  23.75  00.00  00.00  00.00  00.00  00.00  00.00  00.0   00.0   00.0
 2     23.71  23.77  23.75  00.00  00.00  00.00  00.00  00.00  00.00  00.0   00.0   00.0
 3     23.73  23.77  23.75  00.00  00.00  00.00  00.00  00.00  00.00  00.0   00.0   00.0
 4     23.76  23.77  23.77  00.00  00.00  00.00  00.00  00.00  00.00  00.0   00.0   00.0
 5     -05.25 33.15  14682.87
                            00.00  00.00  00.00  00.00  00.00  00.00  00.0   00.0   00.0
              
net#      irrmin        irrmax       irravg
 1     0.000000000 0.000000000 0.000000000
 2     0.000000000 0.000000000 0.000000000
 3     0.000000000 0.000000000 0.000000000
 4     0.000000000 0.000000000 0.000000000
 5     0.000000000 0.000000000 0.000000000
              
net#   amin   amax   aavg   spmin  spmax  spavg  armin  armax  aravg     #obs      vol
 1      45.0  54.0   46.1   01.7   02.0   01.7   -00.8 01.8    00.3      00035     00491
 2      44.0  53.0   45.1   01.4   02.0   01.8   -00.6 01.0    00.1      00037     00522
 3      44.0  52.0   44.5   01.7   02.0   01.8   -00.8 01.2    00.1      00034     00506
 4      43.0  52.0   44.4   01.7   02.0   01.9   -01.2 00.4    -00.1     00035     00528
 5      30.0  89.0   125263.0
                            00.0   02.6   70.4   -03.5 12.7    174.3     01432     00550
              
net#   Yearday/Time  hh:mm:ss  pmin      pmax     pavg     #obs     vol
                   (NetOpenTime)
 1       159.529236  12:42:6   014.1    014.8    014.3    00035    00491
 2       159.530903  12:44:30  013.9    014.4    014.1    00037    00522
 3       159.532674  12:47:2   013.7    014.2    013.9    00034    00506
 4       159.534294  12:49:22  013.8    014.7    014.0    00035    00528
 5       159.535972  12:51:48  001.9    016.0    3652.0   01432    00550
 0       159.527500  12:39:35
