 Tow: L8s-A   RVWS/WS1406
 Date: 06/08/2014
 Temperature Probe #  2597    Conductivity Probe #  2870   Pressure Probe #  109
 Flow Meter Calibration  4.71 (m/count)  
                          MOCNESS STATISTICAL SUMMARY
              
net#   pmin   pmax   pavg   tmin   tmax   tavg   thmin  thmax  thavg  smin   smax   savg
 1     012.9  015.0  013.6  27.1   27.3   27.3   27.1   27.3   27.3   36.36  36.47  36.42
 2     014.1  016.2  015.0  27.0   27.4   27.1   27.0   27.4   27.1   36.34  36.50  36.42
 3     014.4  015.4  015.0  27.0   27.3   27.1   27.0   27.3   27.1   36.42  36.46  36.43
 4     013.4  014.0  013.6  27.1   27.4   27.3   27.1   27.4   27.3   36.40  36.44  36.43
 5     002.9  016.1  325.4  27.0   27.9   876.8  27.0   27.9   876.7  36.34  36.45  1164.65
              
net#   simin  simax  siavg  cmin   cmax   cavg   fmin   fmax   favg   oxmin  oxmax  oxavg
 1     23.67  23.78  23.71  00.00  00.00  00.00  00.00  00.00  00.00  00.0   00.0   00.0
 2     23.61  23.83  23.76  00.00  00.00  00.00  00.00  00.00  00.00  00.0   00.0   00.0
 3     23.69  23.80  23.77  00.00  00.00  00.00  00.00  00.00  00.00  00.0   00.0   00.0
 4     23.67  23.75  23.71  00.00  00.00  00.00  00.00  00.00  00.00  00.0   00.0   00.0
 5     23.46  23.81  756.57 00.00  00.00  00.00  00.00  00.00  00.00  00.0   00.0   00.0
              
net#      irrmin        irrmax       irravg
 1     0.000000000 0.000000000 0.000000000
 2     0.000000000 0.000000000 0.000000000
 3     0.000000000 0.000000000 0.000000000
 4     0.000000000 0.000000000 0.000000000
 5     0.000000000 0.000000000 0.000000000
              
net#   amin   amax   aavg   spmin  spmax  spavg  armin  armax  aravg     #obs      vol
 1      60.0  73.0   61.6   02.6   02.9   02.7   -02.5 01.9    -00.1     00034     00525
 2      56.0  70.0   58.8   02.6   02.9   02.7   -02.3 03.9    00.0      00034     00578
 3      53.0  64.0   54.9   02.3   02.6   02.4   -01.2 00.8    -00.4     00028     00449
 4      53.0  66.0   54.6   02.3   02.6   02.4   -00.8 03.5    00.7      00031     00519
 5      50.0  55.0   1687.0 02.6   03.4   104.7  -04.7 08.2    140.4     00032     00721
              
net#   Yearday/Time  hh:mm:ss  pmin      pmax     pavg     #obs     vol
                   (NetOpenTime)
 1       159.504352  12:6:16   012.9    015.0    013.6    00034    00525
 2       159.505972  12:8:36   014.1    016.2    015.0    00034    00578
 3       159.507604  12:10:56  014.4    015.4    015.0    00028    00449
 4       159.508947  12:12:53  013.4    014.0    013.6    00031    00519
 5       159.510428  12:15:0   002.9    016.1    325.4    00032    00721
 0       159.501273  12:1:50 
