 Tow: L9s-B   RVWS/WS1406
 Date: 06/08/2014
 Temperature Probe #  2597    Conductivity Probe #  2870   Pressure Probe #  109
 Flow Meter Calibration  4.71 (m/count)  
                          MOCNESS STATISTICAL SUMMARY
              
net#   pmin   pmax   pavg   tmin   tmax   tavg   thmin  thmax  thavg  smin   smax   savg
 1     013.3  014.5  013.9  27.7   27.8   27.8   27.7   27.8   27.8   36.43  36.47  36.44
 2     013.7  014.7  014.1  27.7   27.8   27.7   27.7   27.8   27.7   36.41  36.47  36.44
 3     013.5  014.1  013.8  27.7   27.7   27.7   27.7   27.7   27.7   36.40  36.43  36.41
 4     012.9  013.9  013.3  27.7   27.8   27.7   27.7   27.8   27.7   36.21  36.42  36.34
 5     002.7  016.1  297.4  27.6   28.9   953.4  27.6   28.9   953.3  36.10  36.25  1230.16
              
net#   simin  simax  siavg  cmin   cmax   cavg   fmin   fmax   favg   oxmin  oxmax  oxavg
 1     23.54  23.57  23.55  00.00  00.00  00.00  00.00  00.00  00.00  00.0   00.0   00.0
 2     23.54  23.61  23.57  00.00  00.00  00.00  00.00  00.00  00.00  00.0   00.0   00.0
 3     23.53  23.57  23.55  00.00  00.00  00.00  00.00  00.00  00.00  00.0   00.0   00.0
 4     23.39  23.56  23.49  00.00  00.00  00.00  00.00  00.00  00.00  00.0   00.0   00.0
 5     22.91  23.48  791.24 00.00  00.00  00.00  00.00  00.00  00.00  00.0   00.0   00.0
              
net#      irrmin        irrmax       irravg
 1     0.000000000 0.000000000 0.000000000
 2     0.000000000 0.000000000 0.000000000
 3     0.000000000 0.000000000 0.000000000
 4     0.000000000 0.000000000 0.000000000
 5     0.000000000 0.000000000 0.000000000
              
net#   amin   amax   aavg   spmin  spmax  spavg  armin  armax  aravg     #obs      vol
 1      51.0  62.0   52.4   02.0   02.3   02.1   -01.3 01.4    00.1      00033     00485
 2      49.0  59.0   49.8   01.7   02.3   02.0   -01.1 01.6    00.1      00033     00494
 3      48.0  60.0   49.1   01.7   02.0   02.0   -00.5 00.8    00.2      00033     00501
 4      49.0  61.0   50.1   02.0   02.3   02.2   -01.3 00.8    00.2      00033     00524
 5      40.0  49.0   1487.0 02.6   03.1   95.8   -05.2 11.7    152.0     00034     00778
              
net#   Yearday/Time  hh:mm:ss  pmin      pmax     pavg     #obs     vol
                   (NetOpenTime)
 1       159.822789  19:44:48  013.3    014.5    013.9    00033    00485
 2       159.824363  19:47:4   013.7    014.7    014.1    00033    00494
 3       159.825949  19:49:22  013.5    014.1    013.8    00033    00501
 4       159.827523  19:51:38  012.9    013.9    013.3    00033    00524
 5       159.829109  19:53:54  002.7    016.1    297.4    00034    00778
 0       159.818877  19:39:10
