 Tow: L9s-A   RVWS/WS1406
 Date: 06/08/2014
 Temperature Probe #  2597    Conductivity Probe #  2870   Pressure Probe #  109
 Flow Meter Calibration  4.71 (m/count)  
                          MOCNESS STATISTICAL SUMMARY
              
net#   pmin   pmax   pavg   tmin   tmax   tavg   thmin  thmax  thavg  smin   smax   savg
 1     011.0  014.4  012.4  27.1   27.3   27.2   27.1   27.3   27.2   36.34  36.40  36.38
 2     012.4  015.0  013.6  27.1   27.1   27.1   27.1   27.1   27.1   36.37  36.41  36.38
 3     013.5  014.8  014.1  27.1   27.1   27.1   27.1   27.1   27.1   36.37  36.41  36.39
 4     013.6  014.3  013.9  27.1   27.2   27.1   27.1   27.2   27.1   36.34  36.38  36.35
 5     002.7  016.7  254.3  27.1   29.3   807.3  27.1   29.3   807.3  36.12  36.38  1053.00
              
net#   simin  simax  siavg  cmin   cmax   cavg   fmin   fmax   favg   oxmin  oxmax  oxavg
 1     23.65  23.75  23.70  00.00  00.00  00.00  00.00  00.00  00.00  00.0   00.0   00.0
 2     23.73  23.74  23.73  00.00  00.00  00.00  00.00  00.00  00.00  00.0   00.0   00.0
 3     23.71  23.75  23.73  00.00  00.00  00.00  00.00  00.00  00.00  00.0   00.0   00.0
 4     23.68  23.73  23.70  00.00  00.00  00.00  00.00  00.00  00.00  00.0   00.0   00.0
 5     22.85  23.72  679.57 00.00  00.00  00.00  00.00  00.00  00.00  00.0   00.0   00.0
              
net#      irrmin        irrmax       irravg
 1     0.000000000 0.000000000 0.000000000
 2     0.000000000 0.000000000 0.000000000
 3     0.000000000 0.000000000 0.000000000
 4     0.000000000 0.000000000 0.000000000
 5     0.000000000 0.000000000 0.000000000
              
net#   amin   amax   aavg   spmin  spmax  spavg  armin  armax  aravg     #obs      vol
 1      54.0  69.0   59.3   02.0   02.6   02.4   -02.4 03.8    00.9      00037     00517
 2      56.0  69.0   58.0   02.3   02.9   02.6   -02.6 01.5    -00.8     00031     00509
 3      55.0  69.0   56.4   02.3   02.9   02.6   -01.8 01.1    00.3      00030     00504
 4      55.0  70.0   56.8   02.6   02.9   02.6   -01.1 01.3    -00.1     00030     00516
 5      50.0  61.0   1617.0 02.9   03.7   98.4   -05.4 14.1    167.3     00029     00617
              
net#   Yearday/Time  hh:mm:ss  pmin      pmax     pavg     #obs     vol
                   (NetOpenTime)
 1       159.764861  18:21:23  011.0    014.4    012.4    00037    00517
 2       159.766632  18:23:56  012.4    015.0    013.6    00031    00509
 3       159.768113  18:26:5   013.5    014.8    014.1    00030    00504
 4       159.769560  18:28:9   013.6    014.3    013.9    00030    00516
 5       159.770995  18:30:14  002.7    016.7    254.3    00029    00617
 0       159.761840  18:17:2 
